1	2868
1	206	208	172	3	1
2	467	469	422	493	2
3	73	97	108	129	2
4	174	232	183	190	2
5	12	53	11	23	2
6	97	114	129	73	2
7	549	473	457	518	2
8	461	232	412	331	2
9	79	48	7	67	1
10	145	97	125	114	2
11	467	97	155	104	2
12	234	249	3	205	1
13	458	489	6	467	1
14	473	260	287	346	2
15	126	200	154	166	2
16	66	49	3	81	1
17	422	469	431	6	1
18	4	258	3	287	1
19	549	459	457	498	2
20	493	443	422	478	2
21	351	294	316	4	1
22	264	2	1	271	1
23	273	2	1	292	1
24	344	371	369	2	1
25	490	486	558	501	2
26	27	169	51	28	2
27	97	138	148	201	2
28	86	119	114	129	2
29	271	393	283	467	2
30	160	260	202	167	2
31	558	565	8	568	1
32	559	564	553	540	2
33	70	80	55	1	1
34	11	17	12	10	2
35	87	53	45	100	2
36	238	253	219	267	2
37	212	328	169	309	2
38	62	37	85	127	2
39	8	454	437	470	1
40	471	427	8	474	1
41	422	360	390	356	2
42	360	356	321	256	2
43	11	27	9	28	2
44	490	470	454	495	2
45	464	469	443	6	1
46	326	380	311	412	2
47	119	73	129	86	2
48	89	109	3	76	1
49	556	544	533	564	2
50	17	11	9	10	2
51	126	107	101	94	2
52	530	554	518	514	2
53	200	5	211	241	1
54	43	61	7	67	1
55	311	405	437	380	2
56	543	558	547	566	2
57	540	515	524	504	2
58	234	120	142	168	2
59	412	343	385	396	2
60	410	401	6	366	1
61	114	156	119	145	2
62	461	544	497	491	2
63	471	496	508	8	1
64	565	542	558	557	2
65	235	275	244	273	2
66	161	141	7	134	1
67	466	430	473	455	2
68	260	255	311	182	2
69	8	541	542	557	1
70	412	456	438	8	1
71	97	219	238	384	2
72	549	473	562	457	2
73	310	355	282	347	2
74	351	486	311	452	2
75	97	223	120	110	2
76	458	393	467	421	2
77	291	368	372	318	2
78	133	173	158	7	1
79	53	30	21	56	2
80	8	289	4	3	1
81	53	21	30	11	2
82	203	110	223	149	2
83	504	400	488	457	2
84	228	5	195	7	1
85	62	82	91	113	2
86	216	120	287	234	2
87	331	338	367	295	2
88	467	544	497	461	2
89	132	141	7	162	1
90	429	446	449	397	2
91	130	124	92	7	1
92	412	544	461	465	2
93	228	5	7	281	1
94	504	511	488	532	2
95	536	511	512	549	2
96	467	256	180	155	2
97	3	269	223	231	1
98	298	97	223	384	2
99	229	276	7	225	1
100	518	522	498	549	2
101	201	253	219	384	2
102	376	385	332	8	1
103	437	311	412	452	2
104	129	201	152	177	2
105	273	296	2	298	1
106	132	141	117	7	1
107	202	182	188	239	2
108	145	125	1	114	1
109	59	98	75	79	2
110	272	291	251	228	2
111	200	5	166	211	1
112	501	528	483	517	2
113	2	315	4	342	1
114	2	268	305	1	1
115	27	118	62	91	2
116	28	137	260	51	2
117	262	228	7	281	1
118	155	104	111	136	2
119	120	97	28	260	2
120	359	288	6	284	1
121	366	318	368	6	1
122	302	97	298	384	2
123	214	232	237	192	2
124	312	256	321	6	1
125	99	146	3	120	1
126	17	53	23	37	2
127	3	138	109	149	1
128	564	563	569	555	2
129	533	493	521	553	2
130	261	234	221	216	2
131	467	553	527	531	2
132	4	346	304	287	1
133	536	511	535	512	2
134	234	168	142	198	2
135	488	513	485	509	2
136	155	139	163	112	2
137	356	410	422	386	2
138	443	440	6	410	1
139	246	268	245	1	1
140	61	48	91	67	2
141	85	5	93	65	1
142	421	393	383	6	1
143	99	49	68	78	2
144	298	235	201	302	2
145	309	318	6	272	1
146	145	271	222	171	2
147	372	328	394	329	2
148	478	443	422	410	2
149	298	319	292	302	2
150	291	329	372	6	1
151	272	230	212	251	2
152	287	351	316	346	2
153	261	216	221	3	1
154	192	232	237	252	2
155	193	241	211	242	2
156	477	400	436	457	2
157	10	27	9	17	2
158	277	375	282	280	2
159	132	192	133	117	2
160	228	169	7	195	1
161	478	440	6	464	1
162	1	235	206	244	1
163	336	335	319	337	2
164	461	491	8	474	1
165	205	142	198	234	2
166	418	401	368	6	1
167	281	7	8	5	1
168	272	5	240	230	1
169	187	230	251	212	2
170	309	5	272	6	1
171	18	34	30	22	2
172	30	11	21	18	2
173	24	97	57	50	2
174	488	532	513	509	2
175	207	150	174	169	2
176	467	400	504	457	2
177	384	473	397	459	2
178	2	393	349	404	1
179	387	422	386	356	2
180	363	309	353	410	2
181	169	155	212	309	2
182	331	442	423	414	2
183	482	444	449	487	2
184	311	437	351	452	2
185	7	197	184	159	1
186	161	175	7	141	1
187	127	5	169	128	1
188	491	544	520	523	2
189	62	118	90	113	2
190	291	8	6	281	1
191	482	500	487	449	2
192	208	97	223	201	2
193	253	389	384	293	2
194	200	126	193	166	2
195	207	328	228	262	2
196	53	58	56	35	2
197	228	169	195	212	2
198	29	5	26	17	1
199	256	360	312	321	2
200	198	3	165	205	1
201	33	27	7	48	1
202	87	155	111	116	2
203	198	3	234	221	1
204	85	37	116	127	2
205	515	503	6	489	1
206	59	48	33	7	1
207	51	124	133	75	2
208	79	91	106	117	2
209	32	42	49	28	2
210	30	114	60	56	2
211	191	233	217	1	1
212	72	87	63	45	2
213	423	328	427	461	2
214	149	110	109	135	2
215	120	223	260	287	2
216	307	243	256	299	2
217	117	82	113	91	2
218	155	461	410	169	2
219	309	243	257	299	2
220	489	540	467	504	2
221	92	98	75	7	1
222	500	473	481	506	2
223	467	497	493	478	2
224	410	328	169	461	2
225	284	278	333	283	2
226	480	2	448	6	1
227	488	393	448	463	2
228	478	461	497	451	2
229	200	284	180	271	2
230	281	5	291	251	1
231	319	384	336	302	2
232	3	25	28	14	1
233	55	50	70	1	1
234	562	558	486	514	2
235	237	331	254	252	2
236	228	328	291	281	2
237	89	110	135	109	2
238	133	192	218	252	2
239	2	330	314	315	1
240	384	310	388	397	2
241	228	212	251	272	2
242	524	2	6	548	1
243	11	5	12	1	1
244	395	441	416	4	1
245	120	137	260	28	2
246	423	447	8	414	1
247	155	28	169	37	2
248	178	217	210	191	2
249	56	30	114	125	2
250	6	491	461	497	1
251	262	8	7	306	1
252	22	50	39	34	2
253	39	97	55	50	2
254	177	219	196	1	1
255	529	544	471	508	2
256	132	133	158	7	1
257	291	328	372	329	2
258	49	42	68	28	2
259	318	363	309	366	2
260	435	422	469	431	2
261	428	398	445	2	1
262	306	232	274	7	1
263	331	396	414	409	2
264	287	375	223	473	2
265	150	232	174	117	2
266	400	97	457	467	2
267	310	397	347	388	2
268	97	271	194	145	2
269	42	78	68	28	2
270	550	562	535	551	2
271	564	473	457	562	2
272	221	280	3	234	1
273	155	169	410	309	2
274	182	130	184	159	2
275	201	208	235	298	2
276	6	353	363	309	1
277	235	170	1	206	1
278	422	390	435	467	2
279	138	170	148	201	2
280	7	134	141	117	1
281	493	410	422	467	2
282	234	375	223	280	2
283	515	540	527	504	2
284	457	544	564	467	2
285	556	544	555	538	2
286	383	393	333	6	1
287	359	360	312	256	2
288	130	311	133	270	2
289	201	149	138	172	2
290	2	271	301	283	1
291	358	335	345	352	2
292	51	311	28	169	2
293	440	410	464	478	2
294	169	5	195	157	1
295	253	400	361	238	2
296	291	8	281	329	1
297	232	461	207	306	2
298	203	249	231	282	2
299	30	47	52	1	1
300	263	235	292	302	2
301	212	328	309	228	2
302	7	295	274	8	1
303	278	6	2	1	1
304	286	232	331	412	2
305	492	442	468	471	2
306	207	328	262	306	2
307	414	409	442	8	1
308	502	488	513	485	2
309	222	233	217	191	2
310	398	322	389	361	2
311	126	400	271	467	2
312	393	467	359	284	2
313	256	5	236	209	1
314	232	286	311	412	2
315	208	275	223	250	2
316	256	356	321	307	2
317	467	284	271	256	2
318	201	129	152	148	2
319	9	24	20	13	2
320	6	563	569	8	1
321	569	556	564	555	2
322	169	328	207	461	2
323	253	297	265	293	2
324	542	544	552	558	2
325	456	412	438	465	2
326	298	473	223	397	2
327	381	335	319	358	2
328	433	385	438	8	1
329	271	256	180	467	2
330	480	489	458	504	2
331	553	544	533	497	2
332	195	5	187	157	1
333	351	486	260	311	2
334	307	243	247	256	2
335	467	540	553	504	2
336	50	83	73	97	2
337	291	228	281	251	2
338	358	373	350	336	2
339	309	401	318	372	2
340	564	511	532	562	2
341	4	528	517	495	1
342	311	137	51	260	2
343	336	384	381	369	2
344	53	97	126	104	2
345	169	27	37	28	2
346	6	390	360	312	1
347	291	8	329	6	1
348	326	276	8	332	1
349	169	133	117	51	2
350	223	3	208	250	1
351	543	558	566	514	2
352	8	492	468	496	1
353	7	289	3	255	1
354	270	133	130	159	2
355	457	544	311	473	2
356	295	338	367	290	2
357	555	538	6	556	1
358	461	427	474	434	2
359	462	403	452	432	2
360	547	528	546	558	2
361	219	97	129	201	2
362	129	219	177	194	2
363	328	228	262	281	2
364	410	328	461	309	2
365	272	328	372	291	2
366	228	212	195	251	2
367	159	224	184	270	2
368	272	328	309	372	2
369	5	46	65	64	1
370	63	37	87	93	2
371	93	37	87	116	2
372	286	290	252	7	1
373	286	331	396	412	2
374	276	229	285	332	2
375	270	147	173	133	2
376	169	544	155	461	2
377	8	418	394	372	1
378	130	270	159	182	2
379	184	270	182	159	2
380	159	173	7	197	1
381	423	442	447	414	2
382	43	91	62	61	2
383	471	544	491	508	2
384	430	375	397	413	2
385	544	529	537	508	2
386	509	2	485	488	1
387	473	459	384	457	2
388	297	259	265	1	1
389	458	420	467	6	1
390	242	236	193	180	2
391	351	486	452	346	2
392	442	461	331	423	2
393	21	53	23	11	2
394	286	232	252	331	2
395	309	5	6	257	1
396	148	97	201	129	2
397	246	268	1	264	1
398	569	556	555	6	1
399	553	497	493	467	2
400	193	284	180	200	2
401	569	556	6	564	1
402	431	387	6	415	1
403	168	120	142	140	2
404	425	374	402	463	2
405	4	280	277	3	1
406	133	124	98	75	2
407	341	280	4	317	1
408	185	156	194	145	2
409	22	97	50	30	2
410	6	521	533	510	1
411	138	97	149	201	2
412	5	307	247	256	1
413	109	97	149	105	2
414	2	524	6	504	1
415	252	218	133	311	2
416	1	264	217	246	1
417	489	540	504	527	2
418	3	234	205	198	1
419	6	478	497	451	1
420	467	97	457	544	2
421	443	440	410	464	2
422	1	80	3	105	1
423	549	459	498	518	2
424	4	408	2	388	1
425	336	373	354	369	2
426	271	97	194	400	2
427	182	260	239	202	2
428	338	331	367	396	2
429	467	360	256	356	2
430	271	2	1	283	1
431	454	490	437	470	2
432	311	97	457	260	2
433	51	311	260	28	2
434	14	13	9	20	2
435	21	11	1	18	1
436	33	25	7	16	1
437	9	27	15	16	2
438	29	27	7	15	1
439	8	456	438	465	1
440	457	97	400	384	2
441	144	7	113	134	1
442	97	30	114	73	2
443	318	372	291	272	2
444	156	97	194	145	2
445	60	88	84	114	2
446	126	180	171	200	2
447	476	507	484	498	2
448	525	512	507	498	2
449	287	317	346	304	2
450	3	49	68	81	1
451	498	457	484	476	2
452	152	201	196	177	2
453	461	442	331	465	2
454	201	219	196	177	2
455	145	189	185	1	1
456	2	559	6	548	1
457	381	319	365	298	2
458	372	8	6	329	1
459	155	179	136	5	1
460	169	544	311	155	2
461	331	442	396	465	2
462	412	433	465	396	2
463	295	237	254	274	2
464	132	158	162	7	1
465	53	97	11	126	2
466	81	99	68	3	1
467	3	25	7	36	1
468	97	148	108	129	2
469	56	30	21	41	2
470	97	171	271	145	2
471	470	490	499	495	2
472	311	340	380	8	1
473	56	114	60	84	2
474	203	249	3	231	1
475	11	5	1	10	1
476	518	459	487	449	2
477	234	249	277	3	1
478	570	8	569	568	1
479	569	567	6	570	1
480	144	183	7	161	1
481	144	150	118	7	1
482	39	24	38	57	2
483	3	202	188	239	1
484	309	318	272	372	2
485	56	21	35	41	2
486	64	5	85	65	1
487	53	58	40	77	2
488	543	558	514	547	2
489	170	208	201	172	2
490	193	284	241	242	2
491	448	458	480	6	1
492	457	502	494	477	2
493	260	289	351	311	2
494	56	30	41	60	2
495	228	212	272	309	2
496	169	328	228	207	2
497	89	109	135	3	1
498	106	98	79	133	2
499	97	138	105	123	2
500	97	30	126	125	2
501	1	114	119	145	1
502	104	97	28	11	2
503	1	201	226	196	1
504	505	521	6	493	1
505	457	553	504	467	2
506	400	511	502	488	2
507	458	424	6	448	1
508	140	110	3	120	1
509	272	291	318	6	1
510	23	37	45	26	2
511	309	318	366	6	1
512	53	100	74	72	2
513	291	368	6	372	1
514	123	97	108	1	1
515	487	444	459	4	1
516	101	5	77	107	1
517	111	116	112	87	2
518	247	5	179	199	1
519	467	284	256	359	2
520	44	5	7	64	1
521	3	55	1	39	1
522	236	5	193	180	1
523	449	407	444	4	1
524	488	532	509	504	2
525	160	260	182	202	2
526	4	258	304	3	1
527	321	6	360	312	1
528	452	403	426	432	2
529	260	473	223	384	2
530	528	483	490	558	2
531	550	534	535	511	2
532	448	504	488	480	2
533	504	2	488	480	1
534	454	432	462	4	1
535	305	279	222	266	2
536	178	215	145	189	2
537	346	441	395	392	2
538	200	233	1	248	1
539	397	446	449	473	2
540	207	232	262	7	1
541	302	97	384	201	2
542	310	355	397	282	2
543	21	23	35	1	1
544	203	249	205	3	1
545	315	339	2	330	1
546	302	319	292	300	2
547	184	182	213	7	1
548	273	263	235	292	2
549	201	235	1	226	1
550	492	544	465	471	2
551	8	492	490	465	1
552	369	336	334	344	2
553	261	258	304	287	2
554	471	508	496	529	2
555	253	322	361	389	2
556	457	436	477	445	2
557	517	546	4	547	1
558	266	2	1	308	1
559	233	222	217	264	2
560	284	200	283	271	2
561	278	5	6	1	1
562	388	444	4	408	1
563	200	211	193	241	2
564	171	154	1	121	1
565	297	2	293	334	1
566	94	126	107	53	2
567	81	3	120	99	1
568	12	19	17	23	2
569	5	10	19	17	1
570	459	2	439	476	1
571	1	138	170	148	1
572	3	11	1	9	1
573	558	564	568	562	2
574	3	39	1	22	1
575	39	24	3	38	1
576	532	540	524	504	2
577	3	138	149	172	1
578	155	180	104	151	2
579	433	442	8	468	1
580	275	208	244	250	2
581	222	245	220	1	1
582	235	298	292	302	2
583	3	310	269	4	1
584	432	378	403	426	2
585	170	172	206	235	2
586	148	201	1	152	1
587	152	201	1	196	1
588	152	196	1	177	1
589	177	219	1	194	1
590	253	361	303	238	2
591	467	461	497	410	2
592	145	271	194	222	2
593	215	245	222	266	2
594	279	2	303	1	1
595	189	215	1	220	1
596	189	210	178	222	2
597	384	371	2	369	1
598	191	200	1	171	1
599	524	2	532	509	1
600	498	512	457	549	2
601	171	125	153	178	2
602	125	171	145	178	2
603	84	125	1	121	1
604	64	62	44	37	2
605	58	53	94	107	2
606	58	53	40	35	2
607	35	5	40	58	1
608	126	94	56	53	2
609	23	11	12	21	2
610	35	21	1	41	1
611	41	30	21	1	1
612	41	30	1	47	1
613	41	30	47	60	2
614	57	39	54	38	2
615	59	51	7	33	1
616	129	108	152	148	2
617	467	472	503	6	1
618	57	97	24	28	2
619	28	20	32	3	1
620	138	3	1	172	1
621	235	226	259	1	1
622	138	148	1	123	1
623	148	108	152	1	1
624	152	108	129	1	1
625	129	152	1	177	1
626	177	156	1	129	1
627	185	156	1	194	1
628	178	145	1	189	1
629	125	126	171	121	2
630	119	96	86	1	1
631	56	88	84	60	2
632	56	88	1	84	1
633	56	88	60	1	1
634	60	56	1	41	1
635	41	56	1	35	1
636	60	41	1	47	1
637	60	69	47	1	1
638	119	96	1	129	1
639	60	73	30	69	2
640	191	153	171	1	1
641	268	305	271	222	2
642	454	490	495	483	2
643	452	462	483	454	2
644	473	544	558	564	2
645	49	24	57	38	2
646	471	491	461	474	2
647	529	544	537	552	2
648	552	565	558	568	2
649	562	2	551	561	1
650	550	511	562	532	2
651	570	6	8	2	1
652	350	345	2	358	1
653	2	498	4	522	1
654	484	453	457	2	1
655	461	401	372	418	2
656	337	335	319	325	2
657	2	350	373	354	1
658	369	358	336	373	2
659	224	213	184	255	2
660	2	273	1	275	1
661	160	137	3	115	1
662	256	288	312	359	2
663	279	361	238	303	2
664	221	120	216	234	2
665	336	2	350	337	1
666	217	222	246	264	2
667	326	332	376	412	2
668	462	403	454	452	2
669	437	405	454	8	1
670	332	385	412	343	2
671	7	161	134	144	1
672	454	495	462	483	2
673	526	547	514	501	2
674	375	355	327	282	2
675	518	554	539	549	2
676	351	405	340	4	1
677	487	522	498	518	2
678	487	522	4	498	1
679	518	487	4	500	1
680	231	181	3	203	1
681	498	453	476	459	2
682	369	358	373	381	2
683	132	117	106	7	1
684	397	449	429	407	2
685	342	296	4	310	1
686	310	339	365	342	2
687	298	319	330	314	2
688	313	3	269	4	1
689	280	282	277	234	2
690	277	375	280	323	2
691	169	150	7	127	1
692	351	260	287	316	2
693	362	317	304	346	2
694	346	316	287	4	1
695	4	260	294	316	1
696	432	426	452	4	1
697	452	462	4	483	1
698	483	495	4	517	1
699	346	351	426	452	2
700	392	466	346	441	2
701	235	259	263	1	1
702	501	558	514	486	2
703	501	490	452	483	2
704	311	473	486	260	2
705	413	429	4	397	1
706	397	375	4	413	1
707	375	280	323	341	2
708	341	375	4	323	1
709	341	280	317	392	2
710	416	362	346	395	2
711	392	317	395	346	2
712	416	362	395	391	2
713	391	378	4	426	1
714	133	229	173	270	2
715	473	375	430	392	2
716	191	153	1	178	1
717	562	559	564	561	2
718	282	310	347	313	2
719	275	2	4	1	1
720	319	339	298	330	2
721	159	225	173	197	2
722	297	320	334	302	2
723	369	320	336	302	2
724	473	558	486	562	2
725	9	5	10	1	1
726	566	2	570	4	1
727	432	405	4	454	1
728	12	5	10	19	1
729	104	11	28	37	2
730	37	53	23	45	2
731	21	23	1	12	1
732	23	56	21	35	2
733	413	446	430	4	1
734	518	473	449	500	2
735	298	473	384	223	2
736	399	2	371	357	1
737	222	305	271	238	2
738	376	380	411	8	1
739	384	319	298	302	2
740	476	2	484	507	1
741	324	2	336	337	1
742	489	540	527	467	2
743	102	62	90	7	1
744	531	545	553	6	1
745	303	322	2	361	1
746	145	215	194	185	2
747	86	119	1	114	1
748	118	169	27	37	2
749	145	215	222	194	2
750	376	8	411	412	1
751	412	437	456	411	2
752	376	385	8	412	1
753	412	544	465	490	2
754	413	446	4	429	1
755	253	201	302	384	2
756	454	490	483	437	2
757	192	175	190	161	2
758	232	117	190	174	2
759	544	97	457	311	2
760	392	430	4	413	1
761	397	473	430	413	2
762	392	441	395	4	1
763	270	8	311	326	1
764	487	2	4	459	1
765	331	286	295	252	2
766	412	433	396	438	2
767	423	377	427	331	2
768	116	87	93	112	2
769	410	243	256	155	2
770	557	8	565	563	1
771	65	5	93	63	1
772	5	63	87	93	1
773	203	282	231	223	2
774	28	27	9	16	2
775	302	263	259	1	1
776	33	51	7	36	1
777	51	59	75	79	2
778	461	232	331	306	2
779	492	475	471	468	2
780	201	253	226	196	2
781	107	53	104	77	2
782	101	5	107	126	1
783	259	2	302	1	1
784	84	58	1	56	1
785	500	506	481	4	1
786	501	4	526	517	1
787	135	181	3	149	1
788	129	219	201	177	2
789	248	278	1	241	1
790	564	562	561	570	2
791	354	2	369	373	1
792	120	97	57	28	2
793	563	544	552	555	2
794	569	544	564	568	2
795	271	268	264	305	2
796	6	544	555	8	1
797	550	534	2	535	1
798	2	513	534	532	1
799	150	117	161	113	2
800	260	473	287	223	2
801	154	5	126	166	1
802	377	331	306	427	2
803	216	120	168	186	2
804	369	297	334	302	2
805	201	265	253	302	2
806	346	362	4	304	1
807	253	389	361	400	2
808	253	2	293	1	1
809	185	156	145	1	1
810	215	222	238	279	2
811	260	130	167	160	2
812	216	258	227	3	1
813	255	8	311	7	1
814	3	213	239	182	1
815	9	24	13	11	2
816	202	160	188	182	2
817	341	375	392	4	1
818	37	87	45	63	2
819	487	449	500	518	2
820	395	341	392	4	1
821	392	317	346	287	2
822	370	2	373	381	1
823	388	298	384	381	2
824	2	325	337	324	1
825	344	2	369	354	1
826	205	142	165	198	2
827	390	422	356	467	2
828	2	384	369	373	1
829	3	140	164	168	1
830	498	512	507	484	2
831	133	117	79	106	2
832	133	51	79	117	2
833	189	210	1	178	1
834	51	133	79	75	2
835	118	169	117	27	2
836	51	311	133	130	2
837	253	265	1	293	1
838	369	297	384	334	2
839	219	97	201	384	2
840	384	357	334	293	2
841	253	238	219	384	2
842	219	97	194	129	2
843	384	297	293	334	2
844	6	281	8	5	1
845	516	528	499	490	2
846	373	384	369	381	2
847	381	2	384	406	1
848	149	142	135	203	2
849	321	387	6	356	1
850	389	384	457	400	2
851	518	459	498	487	2
852	336	384	369	302	2
853	384	319	381	298	2
854	259	201	302	265	2
855	308	400	364	305	2
856	208	97	149	223	2
857	132	192	162	133	2
858	286	218	285	7	1
859	232	207	262	306	2
860	90	113	118	7	1
861	4	547	546	558	1
862	532	504	524	509	2
863	386	387	356	6	1
864	1	266	245	220	1
865	441	430	455	4	1
866	343	8	385	396	1
867	309	240	272	257	2
868	287	317	304	261	2
869	317	362	4	395	1
870	9	3	7	1	1
871	28	120	99	49	2
872	114	156	129	119	2
873	221	120	168	216	2
874	7	14	3	9	1
875	456	437	8	411	1
876	457	97	384	260	2
877	156	97	145	129	2
878	79	133	98	75	2
879	505	527	531	467	2
880	480	2	488	448	1
881	564	545	556	6	1
882	505	553	467	531	2
883	422	435	415	431	2
884	458	420	421	467	2
885	242	256	236	180	2
886	505	527	6	531	1
887	505	553	531	521	2
888	299	5	257	6	1
889	461	401	478	410	2
890	307	243	299	247	2
891	243	212	155	309	2
892	51	28	36	33	2
893	155	97	28	104	2
894	374	393	467	488	2
895	532	502	488	513	2
896	259	2	1	297	1
897	512	484	494	2	1
898	69	73	1	96	1
899	221	120	234	168	2
900	2	485	479	502	1
901	429	397	407	4	1
902	457	511	494	502	2
903	372	8	329	394	1
904	291	328	329	281	2
905	174	190	183	161	2
906	62	64	85	37	2
907	553	544	564	533	2
908	229	276	270	332	2
909	558	562	568	566	2
910	126	5	107	143	1
911	159	224	197	184	2
912	457	400	436	445	2
913	51	120	137	99	2
914	117	133	132	106	2
915	19	53	31	45	2
916	493	497	510	478	2
917	505	521	531	6	1
918	556	533	538	6	1
919	339	296	342	310	2
920	3	57	66	89	1
921	39	24	57	50	2
922	76	3	57	54	1
923	11	97	28	24	2
924	89	110	66	3	1
925	15	5	10	7	1
926	130	311	270	182	2
927	234	120	287	223	2
928	304	3	261	4	1
929	260	216	287	227	2
930	13	24	3	22	1
931	223	203	149	181	2
932	79	27	33	48	2
933	57	110	66	89	2
934	44	5	46	29	1
935	27	37	28	11	2
936	14	13	3	9	1
937	1	121	153	171	1
938	200	233	248	271	2
939	544	542	519	558	2
940	568	544	552	563	2
941	558	516	528	541	2
942	568	566	570	4	1
943	53	21	23	56	2
944	171	125	121	153	2
945	191	153	178	171	2
946	307	5	247	299	1
947	298	208	235	275	2
948	28	27	33	51	2
949	492	475	468	496	2
950	291	368	318	6	1
951	418	368	372	6	1
952	401	461	451	418	2
953	155	544	467	461	2
954	562	554	4	566	1
955	126	121	125	84	2
956	58	5	77	94	1
957	154	5	166	200	1
958	180	126	193	200	2
959	467	126	104	180	2
960	30	97	126	11	2
961	422	387	386	6	1
962	458	393	421	448	2
963	305	268	264	1	1
964	504	393	488	467	2
965	350	373	354	336	2
966	220	210	189	222	2
967	497	461	6	451	1
968	56	126	53	30	2
969	464	478	493	6	1
970	76	97	80	57	2
971	493	410	478	422	2
972	352	339	2	365	1
973	201	259	235	226	2
974	467	155	180	104	2
975	410	440	6	401	1
976	170	208	235	201	2
977	369	358	381	336	2
978	332	396	343	412	2
979	277	327	4	282	1
980	280	317	392	287	2
981	49	110	57	120	2
982	142	168	3	198	1
983	140	110	142	3	1
984	20	14	28	9	2
985	102	64	85	62	2
986	49	42	3	68	1
987	16	10	15	9	2
988	447	442	8	414	1
989	16	14	9	28	2
990	48	27	7	43	1
991	336	2	354	350	1
992	224	225	7	270	1
993	498	453	457	476	2
994	371	384	357	334	2
995	3	261	258	304	1
996	344	371	334	369	2
997	180	256	236	209	2
998	51	130	75	92	2
999	564	511	562	457	2
1000	535	562	549	551	2
1001	253	322	293	2	1
1002	294	340	4	351	1
1003	343	286	285	8	1
1004	418	461	6	8	1
1005	556	544	538	533	2
1006	51	124	75	130	2
1007	130	137	160	115	2
1008	147	7	124	159	1
1009	562	550	561	551	2
1010	332	311	412	326	2
1011	8	332	376	326	1
1012	326	380	8	311	1
1013	281	8	7	262	1
1014	405	351	437	452	2
1015	181	208	223	3	1
1016	273	296	275	2	1
1017	269	282	231	3	1
1018	298	388	365	381	2
1019	7	14	9	16	1
1020	54	97	57	80	2
1021	57	3	66	38	1
1022	473	375	397	430	2
1023	235	273	292	298	2
1024	430	375	413	392	2
1025	221	280	234	261	2
1026	202	186	227	3	1
1027	203	110	142	223	2
1028	4	258	287	304	1
1029	54	80	3	55	1
1030	227	260	3	287	1
1031	76	3	89	57	1
1032	216	258	261	287	2
1033	252	214	192	7	1
1034	3	206	244	1	1
1035	400	511	488	457	2
1036	266	2	279	1	1
1037	249	203	205	234	2
1038	54	3	57	38	1
1039	1	13	3	22	1
1040	149	208	181	172	2
1041	279	215	1	238	1
1042	171	222	178	191	2
1043	332	286	343	396	2
1044	79	48	59	7	1
1045	554	543	560	566	2
1046	59	98	7	75	1
1047	61	48	67	43	2
1048	17	27	44	15	2
1049	169	150	174	7	1
1050	71	103	3	78	1
1051	75	71	7	51	1
1052	25	3	28	36	1
1053	260	120	167	137	2
1054	222	217	246	1	1
1055	162	133	158	132	2
1056	51	42	36	28	2
1057	59	51	33	79	2
1058	106	98	7	79	1
1059	145	222	178	171	2
1060	389	253	384	400	2
1061	174	190	161	117	2
1062	137	95	3	115	1
1063	305	283	301	271	2
1064	295	237	274	331	2
1065	132	141	162	117	2
1066	182	3	188	239	1
1067	188	160	3	182	1
1068	169	37	127	116	2
1069	4	500	506	518	1
1070	37	64	65	46	2
1071	346	466	392	473	2
1072	459	473	449	518	2
1073	473	518	486	506	2
1074	554	562	518	514	2
1075	35	53	23	56	2
1076	85	37	65	93	2
1077	358	2	350	373	1
1078	26	5	31	19	1
1079	113	150	118	144	2
1080	441	460	416	4	1
1081	328	377	306	427	2
1082	199	5	179	155	1
1083	2	444	408	4	1
1084	408	384	439	406	2
1085	429	449	4	407	1
1086	482	444	4	449	1
1087	384	408	439	459	2
1088	223	249	203	282	2
1089	171	154	200	1	1
1090	166	200	211	193	2
1091	271	126	180	171	2
1092	97	30	125	114	2
1093	448	504	480	467	2
1094	211	284	242	241	2
1095	200	180	171	271	2
1096	324	320	302	336	2
1097	354	344	336	369	2
1098	297	320	302	2	1
1099	344	2	354	336	1
1100	529	492	519	496	2
1101	544	542	552	529	2
1102	537	508	529	8	1
1103	37	44	46	29	2
1104	427	377	8	394	1
1105	514	526	501	4	1
1106	507	2	484	512	1
1107	28	38	49	32	2
1108	142	234	203	223	2
1109	66	49	38	3	1
1110	60	73	69	86	2
1111	57	49	38	66	2
1112	28	68	49	78	2
1113	450	402	419	400	2
1114	465	468	8	492	1
1115	430	473	455	4	1
1116	357	384	389	293	2
1117	347	388	407	4	1
1118	407	355	347	4	1
1119	400	238	305	279	2
1120	549	459	518	457	2
1121	61	48	43	91	2
1122	342	2	365	388	1
1123	501	460	452	466	2
1124	223	310	269	250	2
1125	397	444	459	449	2
1126	282	310	223	397	2
1127	208	201	172	149	2
1128	200	248	1	241	1
1129	483	460	501	4	1
1130	222	233	171	271	2
1131	486	562	514	518	2
1132	209	5	151	179	1
1133	530	554	543	4	1
1134	481	482	449	500	2
1135	304	261	317	4	1
1136	375	287	392	473	2
1137	323	280	277	4	1
1138	395	317	341	4	1
1139	280	375	392	341	2
1140	392	317	341	395	2
1141	275	1	3	244	1
1142	397	444	449	407	2
1143	298	339	315	330	2
1144	178	215	189	222	2
1145	275	208	235	244	2
1146	25	28	14	16	2
1147	481	482	4	449	1
1148	298	473	397	384	2
1149	271	97	400	126	2
1150	276	8	332	285	1
1151	279	361	303	364	2
1152	289	260	239	255	2
1153	488	502	463	485	2
1154	480	467	458	448	2
1155	506	518	530	4	1
1156	549	473	518	562	2
1157	324	320	2	302	1
1158	539	530	518	4	1
1159	195	212	187	251	2
1160	128	5	116	85	1
1161	5	230	212	240	1
1162	243	410	309	155	2
1163	155	256	180	179	2
1164	113	150	144	161	2
1165	309	240	212	272	2
1166	151	155	136	104	2
1167	356	243	299	256	2
1168	238	400	361	279	2
1169	135	110	89	122	2
1170	135	109	149	3	1
1171	24	39	22	50	2
1172	263	292	300	302	2
1173	240	5	204	212	1
1174	104	131	151	180	2
1175	570	4	2	8	1
1176	53	97	104	11	2
1177	570	568	569	564	2
1178	550	559	2	548	1
1179	424	2	448	404	1
1180	564	570	561	567	2
1181	562	568	566	570	2
1182	242	5	211	193	1
1183	305	222	279	238	2
1184	179	180	151	209	2
1185	97	22	11	30	2
1186	259	2	297	302	1
1187	166	5	193	211	1
1188	356	243	256	410	2
1189	103	95	78	115	2
1190	35	58	56	1	1
1191	38	39	54	3	1
1192	97	39	54	57	2
1193	282	249	3	277	1
1194	294	289	239	3	1
1195	533	544	538	520	2
1196	346	260	287	351	2
1197	35	5	23	40	1
1198	4	260	316	287	1
1199	332	311	326	270	2
1200	6	491	497	520	1
1201	222	233	271	264	2
1202	58	5	40	77	1
1203	121	153	125	1	1
1204	121	126	94	84	2
1205	56	125	114	84	2
1206	178	125	153	1	1
1207	125	88	1	114	1
1208	178	125	1	145	1
1209	126	94	84	56	2
1210	97	145	129	114	2
1211	53	126	107	104	2
1212	194	1	238	219	1
1213	200	284	283	241	2
1214	449	446	481	473	2
1215	342	388	347	4	1
1216	178	217	191	222	2
1217	400	488	305	467	2
1218	501	528	558	483	2
1219	452	466	426	346	2
1220	486	490	558	311	2
1221	161	113	117	134	2
1222	264	2	271	305	1
1223	264	233	271	1	1
1224	278	5	241	284	1
1225	200	283	271	248	2
1226	238	267	1	303	1
1227	562	559	561	532	2
1228	194	215	1	185	1
1229	253	322	267	303	2
1230	235	263	259	302	2
1231	178	215	222	145	2
1232	138	97	105	149	2
1233	271	238	194	222	2
1234	289	294	4	3	1
1235	215	222	194	238	2
1236	497	533	510	6	1
1237	410	478	497	467	2
1238	356	353	386	6	1
1239	467	410	422	356	2
1240	547	514	543	526	2
1241	311	289	340	8	1
1242	3	198	168	221	1
1243	469	467	505	493	2
1244	201	259	226	265	2
1245	235	170	201	1	1
1246	133	229	218	173	2
1247	486	490	452	501	2
1248	416	441	395	346	2
1249	137	95	115	99	2
1250	184	130	7	159	1
1251	130	260	182	160	2
1252	202	160	167	3	1
1253	504	467	458	480	2
1254	202	160	3	188	1
1255	3	130	7	182	1
1256	38	49	32	3	1
1257	255	184	224	270	2
1258	22	97	24	50	2
1259	32	24	3	20	1
1260	483	4	501	517	1
1261	260	473	384	457	2
1262	459	473	518	457	2
1263	374	400	402	463	2
1264	549	511	562	535	2
1265	514	526	4	543	1
1266	133	218	158	173	2
1267	2	448	463	488	1
1268	1	303	279	238	1
1269	149	105	138	109	2
1270	309	328	461	372	2
1271	367	382	331	8	1
1272	215	222	279	266	2
1273	279	305	308	266	2
1274	538	8	6	520	1
1275	400	502	463	488	2
1276	54	97	80	55	2
1277	544	533	497	520	2
1278	493	533	521	510	2
1279	478	510	493	6	1
1280	510	497	6	478	1
1281	3	269	250	223	1
1282	208	201	223	298	2
1283	298	208	275	223	2
1284	282	310	269	223	2
1285	235	208	206	244	2
1286	126	97	400	467	2
1287	282	249	277	234	2
1288	402	400	364	419	2
1289	305	393	271	467	2
1290	502	450	400	463	2
1291	271	393	374	283	2
1292	456	437	470	8	1
1293	483	528	495	517	2
1294	402	450	425	463	2
1295	394	461	418	434	2
1296	130	51	78	92	2
1297	477	511	494	2	1
1298	130	3	160	182	1
1299	7	103	130	3	1
1300	182	130	7	184	1
1301	103	71	3	7	1
1302	59	98	79	7	1
1303	106	98	133	7	1
1304	76	97	57	109	2
1305	119	73	86	96	2
1306	55	3	54	39	1
1307	486	501	466	4	1
1308	144	183	161	174	2
1309	2	504	6	480	1
1310	457	553	467	564	2
1311	51	137	130	78	2
1312	253	2	1	267	1
1313	308	400	279	364	2
1314	267	253	219	1	1
1315	238	267	219	1	1
1316	347	355	313	4	1
1317	437	483	454	452	2
1318	197	224	7	184	1
1319	184	255	182	270	2
1320	159	225	197	224	2
1321	253	265	226	1	1
1322	219	1	253	196	1
1323	493	6	510	521	1
1324	384	253	293	302	2
1325	226	253	1	196	1
1326	253	201	219	196	2
1327	238	253	267	303	2
1328	297	259	302	265	2
1329	533	545	521	6	1
1330	222	215	189	220	2
1331	215	245	266	220	2
1332	305	467	488	374	2
1333	3	206	1	172	1
1334	279	400	361	364	2
1335	498	2	476	507	1
1336	305	268	308	266	2
1337	270	255	7	224	1
1338	448	393	421	424	2
1339	10	27	17	15	2
1340	260	97	384	223	2
1341	351	405	403	452	2
1342	462	403	432	454	2
1343	374	349	404	2	1
1344	467	544	564	553	2
1345	352	339	365	330	2
1346	544	490	412	311	2
1347	212	328	228	169	2
1348	29	5	17	15	1
1349	452	462	432	4	1
1350	483	495	462	4	1
1351	114	86	88	1	1
1352	125	88	114	84	2
1353	88	60	86	114	2
1354	125	88	84	1	1
1355	60	88	86	1	1
1356	523	544	8	537	1
1357	448	425	463	404	2
1358	565	542	552	558	2
1359	499	528	8	495	1
1360	2	524	532	548	1
1361	570	8	6	569	1
1362	544	492	519	529	2
1363	49	99	68	81	2
1364	539	2	4	522	1
1365	550	2	551	535	1
1366	567	2	6	570	1
1367	550	534	532	2	1
1368	168	164	186	120	2
1369	5	209	151	180	1
1370	139	5	163	112	1
1371	179	243	247	199	2
1372	284	393	283	333	2
1373	427	434	8	474	1
1374	423	461	427	471	2
1375	71	42	78	3	1
1376	473	544	311	558	2
1377	387	422	356	360	2
1378	386	410	422	6	1
1379	164	168	140	120	2
1380	353	243	410	309	2
1381	222	268	245	264	2
1382	11	27	17	9	2
1383	3	51	36	7	1
1384	59	51	75	7	1
1385	92	51	78	71	2
1386	169	118	127	37	2
1387	569	544	568	563	2
1388	311	97	260	28	2
1389	195	157	187	176	2
1390	296	339	298	310	2
1391	273	296	298	275	2
1392	319	339	330	365	2
1393	235	273	244	1	1
1394	275	235	298	273	2
1395	273	263	292	1	1
1396	1	275	3	4	1
1397	5	247	209	256	1
1398	313	310	347	4	1
1399	250	310	3	275	1
1400	1	275	273	244	1
1401	244	275	250	3	1
1402	179	256	180	209	2
1403	102	5	128	85	1
1404	30	97	50	73	2
1405	21	30	18	1	1
1406	7	127	150	118	1
1407	272	328	228	309	2
1408	5	242	211	284	1
1409	284	5	241	211	1
1410	126	193	166	143	2
1411	58	53	107	77	2
1412	171	97	126	125	2
1413	56	94	84	58	2
1414	449	446	4	481	1
1415	22	97	11	24	2
1416	84	94	1	58	1
1417	201	265	226	253	2
1418	253	297	302	265	2
1419	253	297	293	302	2
1420	420	390	6	359	1
1421	359	284	6	333	1
1422	256	467	410	155	2
1423	467	360	356	390	2
1424	284	393	333	359	2
1425	271	2	301	305	1
1426	512	498	457	484	2
1427	509	2	513	485	1
1428	512	525	2	536	1
1429	536	511	549	535	2
1430	120	216	287	260	2
1431	50	83	70	1	1
1432	223	249	282	234	2
1433	169	232	133	311	2
1434	30	69	52	47	2
1435	108	129	96	73	2
1436	86	73	69	96	2
1437	311	137	260	130	2
1438	260	227	202	167	2
1439	3	294	260	239	1
1440	7	289	8	3	1
1441	202	260	239	3	1
1442	260	4	3	287	1
1443	202	260	3	227	1
1444	486	351	260	346	2
1445	311	490	412	452	2
1446	473	558	311	486	2
1447	487	522	518	4	1
1448	384	388	381	459	2
1449	180	155	179	151	2
1450	222	268	305	266	2
1451	359	393	383	420	2
1452	105	70	97	1	1
1453	393	2	6	424	1
1454	393	359	467	420	2
1455	2	364	419	402	1
1456	504	393	467	448	2
1457	290	252	7	254	1
1458	367	382	414	331	2
1459	117	27	79	91	2
1460	157	195	169	176	2
1461	169	207	7	174	1
1462	85	118	62	127	2
1463	195	176	212	169	2
1464	37	118	127	62	2
1465	161	192	117	190	2
1466	87	155	37	111	2
1467	12	53	17	11	2
1468	396	367	409	331	2
1469	9	5	1	7	1
1470	40	5	53	77	1
1471	166	5	143	193	1
1472	45	19	26	31	2
1473	23	53	40	31	2
1474	23	19	17	26	2
1475	384	408	381	406	2
1476	384	417	2	399	1
1477	384	417	406	2	1
1478	251	5	230	187	1
1479	408	381	388	459	2
1480	202	186	3	167	1
1481	216	168	221	3	1
1482	234	261	287	216	2
1483	260	186	227	167	2
1484	326	276	332	270	2
1485	216	120	167	260	2
1486	453	384	457	399	2
1487	357	371	399	384	2
1488	504	2	509	488	1
1489	384	453	439	417	2
1490	308	400	305	279	2
1491	457	389	400	445	2
1492	216	258	3	261	1
1493	388	310	342	347	2
1494	384	388	459	397	2
1495	449	446	429	4	1
1496	263	2	302	300	1
1497	422	469	6	443	1
1498	384	310	298	388	2
1499	5	26	31	45	1
1500	17	53	37	11	2
1501	5	37	45	63	1
1502	5	46	63	65	1
1503	53	87	45	37	2
1504	37	155	104	111	2
1505	370	379	2	381	1
1506	2	342	4	388	1
1507	381	358	373	370	2
1508	487	2	498	4	1
1509	43	61	62	7	1
1510	498	453	459	457	2
1511	459	473	397	449	2
1512	118	62	44	27	2
1513	287	375	280	223	2
1514	470	490	437	456	2
1515	110	89	57	109	2
1516	43	44	29	7	1
1517	288	5	242	236	1
1518	5	209	180	236	1
1519	37	23	17	26	2
1520	288	256	284	359	2
1521	210	217	1	191	1
1522	103	130	115	78	2
1523	97	126	104	467	2
1524	110	149	142	135	2
1525	104	126	107	180	2
1526	126	56	125	30	2
1527	381	335	365	319	2
1528	288	256	242	284	2
1529	224	213	255	7	1
1530	319	324	336	337	2
1531	139	155	176	169	2
1532	319	358	336	381	2
1533	311	286	332	412	2
1534	133	124	130	159	2
1535	133	124	147	7	1
1536	132	133	7	106	1
1537	1	278	283	2	1
1538	75	124	98	92	2
1539	133	124	7	98	1
1540	317	280	261	287	2
1541	221	280	261	3	1
1542	282	249	231	3	1
1543	223	375	282	397	2
1544	142	205	203	234	2
1545	287	280	261	234	2
1546	287	280	234	223	2
1547	205	142	203	165	2
1548	223	249	234	203	2
1549	8	276	7	285	1
1550	295	286	290	252	2
1551	547	526	517	501	2
1552	331	427	423	306	2
1553	471	442	447	423	2
1554	331	465	396	412	2
1555	566	560	554	4	1
1556	144	150	7	174	1
1557	511	534	2	513	1
1558	69	73	52	1	1
1559	109	97	105	80	2
1560	214	232	190	237	2
1561	144	183	174	7	1
1562	306	232	7	262	1
1563	559	561	567	564	2
1564	51	42	71	36	2
1565	75	71	51	92	2
1566	3	71	51	7	1
1567	75	71	92	7	1
1568	36	71	51	3	1
1569	567	2	570	561	1
1570	569	567	570	564	2
1571	566	2	562	570	1
1572	569	567	564	6	1
1573	504	553	564	532	2
1574	457	553	564	504	2
1575	5	40	31	23	1
1576	501	486	514	4	1
1577	530	4	514	506	1
1578	543	514	530	4	1
1579	514	530	506	518	2
1580	514	558	501	547	2
1581	562	558	514	566	2
1582	562	473	518	486	2
1583	16	10	9	7	1
1584	5	23	19	12	1
1585	16	10	7	15	1
1586	232	133	192	117	2
1587	158	218	7	173	1
1588	214	232	192	190	2
1589	311	232	412	461	2
1590	286	311	332	270	2
1591	311	218	133	270	2
1592	150	232	117	207	2
1593	292	2	319	314	1
1594	315	330	314	298	2
1595	374	425	404	463	2
1596	173	225	7	197	1
1597	430	466	441	455	2
1598	305	393	467	374	2
1599	425	2	402	374	1
1600	305	283	374	301	2
1601	289	260	255	311	2
1602	3	294	4	260	1
1603	184	255	213	182	2
1604	311	130	260	182	2
1605	260	255	182	239	2
1606	452	405	403	454	2
1607	486	490	311	452	2
1608	28	155	169	311	2
1609	534	550	532	511	2
1610	465	8	433	438	1
1611	132	192	117	162	2
1612	311	51	133	169	2
1613	138	105	1	3	1
1614	89	109	76	57	2
1615	97	110	57	109	2
1616	109	80	3	76	1
1617	20	14	3	28	1
1618	182	255	311	270	2
1619	270	255	311	7	1
1620	3	213	7	255	1
1621	224	213	7	184	1
1622	3	289	239	255	1
1623	266	215	220	1	1
1624	215	145	189	185	2
1625	384	310	397	298	2
1626	298	310	365	388	2
1627	472	469	505	6	1
1628	189	215	185	1	1
1629	194	215	238	1	1
1630	266	215	1	279	1
1631	172	170	206	1	1
1632	208	235	206	172	2
1633	201	170	148	1	1
1634	244	208	206	3	1
1635	172	170	1	138	1
1636	135	181	149	203	2
1637	231	181	203	223	2
1638	172	181	149	3	1
1639	181	165	203	135	2
1640	231	181	223	3	1
1641	526	547	4	543	1
1642	508	544	491	523	2
1643	1	80	55	3	1
1644	544	471	491	461	2
1645	442	544	465	461	2
1646	423	328	306	427	2
1647	311	544	461	412	2
1648	539	2	549	4	1
1649	387	415	431	422	2
1650	522	518	539	549	2
1651	498	525	2	507	1
1652	518	522	539	4	1
1653	525	549	512	498	2
1654	192	175	161	117	2
1655	414	367	331	409	2
1656	274	8	331	306	1
1657	274	295	331	8	1
1658	274	8	306	7	1
1659	8	570	4	568	1
1660	295	7	254	290	1
1661	414	442	409	396	2
1662	423	447	471	8	1
1663	418	8	6	372	1
1664	377	328	394	427	2
1665	537	508	8	523	1
1666	456	490	465	8	1
1667	492	516	8	490	1
1668	492	516	490	519	2
1669	456	8	412	411	1
1670	285	8	332	343	1
1671	39	22	34	1	1
1672	438	385	396	412	2
1673	412	433	438	465	2
1674	474	8	461	434	1
1675	465	468	433	8	1
1676	117	175	161	141	2
1677	519	496	8	529	1
1678	309	5	257	272	1
1679	471	427	423	8	1
1680	552	563	8	557	1
1681	8	495	4	454	1
1682	7	295	8	290	1
1683	519	542	529	8	1
1684	470	8	499	456	1
1685	471	491	474	508	2
1686	328	377	8	306	1
1687	537	8	529	552	1
1688	18	34	22	1	1
1689	229	276	225	270	2
1690	380	326	376	412	2
1691	270	8	7	311	1
1692	448	2	463	425	1
1693	524	2	509	504	1
1694	511	512	549	457	2
1695	564	511	504	532	2
1696	265	2	297	1	1
1697	384	297	302	293	2
1698	369	297	302	384	2
1699	558	542	541	557	2
1700	552	542	557	8	1
1701	557	558	8	541	1
1702	569	544	563	564	2
1703	519	542	8	541	1
1704	569	565	563	568	2
1705	312	5	6	288	1
1706	94	107	101	77	2
1707	100	53	74	104	2
1708	5	35	1	58	1
1709	284	5	242	288	1
1710	37	29	26	17	2
1711	37	63	65	93	2
1712	376	380	8	326	1
1713	392	441	4	430	1
1714	518	486	506	514	2
1715	416	460	426	4	1
1716	441	416	426	346	2
1717	466	346	486	473	2
1718	270	229	332	286	2
1719	218	252	286	311	2
1720	98	124	7	92	1
1721	200	233	191	1	1
1722	8	289	255	311	1
1723	452	405	454	437	2
1724	7	289	255	8	1
1725	289	351	311	340	2
1726	234	280	3	277	1
1727	260	294	316	351	2
1728	239	294	260	289	2
1729	294	260	289	351	2
1730	482	444	487	4	1
1731	261	280	317	4	1
1732	280	261	3	4	1
1733	487	500	482	4	1
1734	323	280	4	341	1
1735	481	482	500	4	1
1736	359	360	256	467	2
1737	179	256	209	247	2
1738	356	307	6	321	1
1739	390	387	6	360	1
1740	237	7	214	254	1
1741	356	256	299	307	2
1742	422	390	415	435	2
1743	461	442	471	423	2
1744	504	511	457	488	2
1745	305	348	308	2	1
1746	111	139	155	112	2
1747	457	477	494	445	2
1748	494	484	512	457	2
1749	222	245	1	246	1
1750	215	245	220	222	2
1751	266	268	1	245	1
1752	245	264	246	222	2
1753	260	186	167	216	2
1754	87	155	116	37	2
1755	40	5	31	53	1
1756	216	164	168	3	1
1757	53	100	87	111	2
1758	151	155	179	136	2
1759	19	53	23	31	2
1760	227	186	216	3	1
1761	260	186	216	227	2
1762	202	186	167	227	2
1763	388	444	459	397	2
1764	127	128	116	85	2
1765	127	139	169	116	2
1766	102	118	7	90	1
1767	5	127	7	102	1
1768	27	28	33	16	2
1769	417	384	406	439	2
1770	448	2	425	404	1
1771	393	374	463	488	2
1772	396	433	409	8	1
1773	488	2	485	463	1
1774	492	442	465	468	2
1775	334	293	357	2	1
1776	305	393	374	271	2
1777	502	450	479	477	2
1778	200	126	154	171	2
1779	84	94	121	1	1
1780	107	94	58	77	2
1781	94	5	101	126	1
1782	171	126	154	121	2
1783	5	281	291	6	1
1784	527	531	553	6	1
1785	505	553	521	493	2
1786	331	328	423	461	2
1787	531	545	521	553	2
1788	564	559	553	6	1
1789	564	545	6	553	1
1790	564	540	532	553	2
1791	553	505	467	493	2
1792	172	170	138	201	2
1793	438	385	412	8	1
1794	474	508	8	471	1
1795	396	442	409	433	2
1796	39	97	50	57	2
1797	517	546	547	528	2
1798	442	544	471	465	2
1799	30	50	52	73	2
1800	370	2	358	373	1
1801	239	213	255	182	2
1802	365	335	358	352	2
1803	110	66	81	49	2
1804	358	379	370	381	2
1805	384	319	336	381	2
1806	312	5	236	256	1
1807	356	243	410	353	2
1808	256	288	236	312	2
1809	216	164	3	186	1
1810	71	103	78	92	2
1811	370	352	365	358	2
1812	325	335	2	345	1
1813	298	2	314	315	1
1814	352	2	358	370	1
1815	381	408	388	365	2
1816	336	320	344	2	1
1817	44	5	29	7	1
1818	17	44	29	15	2
1819	321	5	256	307	1
1820	43	44	7	62	1
1821	64	37	65	85	2
1822	44	27	29	15	2
1823	29	37	44	17	2
1824	126	53	30	11	2
1825	51	27	33	79	2
1826	37	27	17	11	2
1827	85	37	93	116	2
1828	478	443	410	464	2
1829	503	505	472	467	2
1830	80	97	105	70	2
1831	410	256	356	467	2
1832	410	363	6	353	1
1833	544	467	497	553	2
1834	493	410	467	478	2
1835	294	340	351	289	2
1836	351	378	4	316	1
1837	4	340	289	8	1
1838	437	380	8	411	1
1839	294	340	289	4	1
1840	283	349	301	2	1
1841	402	348	364	305	2
1842	381	2	373	384	1
1843	264	2	305	1	1
1844	72	87	100	5	1
1845	469	435	472	467	2
1846	448	374	404	463	2
1847	263	2	1	302	1
1848	324	319	302	300	2
1849	273	263	1	235	1
1850	336	335	358	319	2
1851	505	503	527	467	2
1852	422	435	469	467	2
1853	469	435	431	472	2
1854	472	435	6	467	1
1855	505	503	6	527	1
1856	559	548	550	532	2
1857	467	540	527	553	2
1858	179	243	199	155	2
1859	532	559	561	550	2
1860	515	540	6	527	1
1861	265	2	293	297	1
1862	548	559	540	532	2
1863	299	257	309	6	1
1864	374	349	2	301	1
1865	79	91	7	106	1
1866	252	295	331	254	2
1867	295	237	331	254	2
1868	331	338	286	396	2
1869	252	295	254	290	2
1870	7	295	254	274	1
1871	331	367	8	295	1
1872	321	5	307	6	1
1873	307	5	299	6	1
1874	307	353	356	6	1
1875	489	503	6	467	1
1876	458	489	467	504	2
1877	515	503	489	527	2
1878	480	489	504	6	1
1879	480	489	6	458	1
1880	359	360	390	312	2
1881	558	565	557	8	1
1882	6	563	8	555	1
1883	552	563	555	8	1
1884	6	563	555	569	1
1885	530	554	4	539	1
1886	552	565	563	557	2
1887	568	562	564	570	2
1888	566	558	547	560	2
1889	554	518	562	549	2
1890	100	45	87	72	2
1891	311	405	380	340	2
1892	432	405	454	403	2
1893	432	378	426	4	1
1894	351	405	4	403	1
1895	432	378	4	403	1
1896	452	403	351	426	2
1897	351	378	316	346	2
1898	128	127	102	85	2
1899	487	444	449	459	2
1900	5	44	46	64	1
1901	397	388	407	347	2
1902	406	408	2	439	1
1903	186	146	3	167	1
1904	388	310	365	342	2
1905	230	5	212	187	1
1906	273	2	292	298	1
1907	2	444	4	459	1
1908	272	5	230	251	1
1909	309	240	257	212	2
1910	2	550	551	561	1
1911	6	410	353	386	1
1912	307	353	6	299	1
1913	309	353	299	6	1
1914	353	356	386	410	2
1915	401	363	410	309	2
1916	307	353	299	356	2
1917	2	536	535	512	1
1918	536	549	551	535	2
1919	549	2	551	562	1
1920	549	525	2	522	1
1921	37	27	44	17	2
1922	62	7	61	90	1
1923	91	48	79	67	2
1924	473	466	455	486	2
1925	565	552	563	568	2
1926	514	4	486	506	1
1927	346	466	426	441	2
1928	454	495	4	462	1
1929	506	473	4	486	1
1930	311	473	260	457	2
1931	518	473	500	506	2
1932	430	466	392	441	2
1933	495	8	470	454	1
1934	8	495	470	499	1
1935	97	467	155	544	2
1936	5	29	37	46	1
1937	29	5	37	26	1
1938	65	37	46	63	2
1939	2	399	417	428	1
1940	28	155	104	37	2
1941	412	380	437	411	2
1942	412	380	411	376	2
1943	563	544	555	564	2
1944	470	490	456	499	2
1945	412	490	465	456	2
1946	361	398	400	389	2
1947	238	97	384	400	2
1948	287	258	3	227	1
1949	253	322	2	267	1
1950	258	216	227	287	2
1951	455	466	4	486	1
1952	449	473	481	500	2
1953	473	446	481	4	1
1954	253	400	238	384	2
1955	450	502	400	477	2
1956	2	509	513	532	1
1957	463	479	485	502	2
1958	488	511	502	532	2
1959	477	450	479	436	2
1960	155	37	169	116	2
1961	212	176	204	155	2
1962	5	139	163	176	1
1963	5	204	155	199	1
1964	128	5	157	116	1
1965	204	163	155	176	2
1966	201	259	302	235	2
1967	265	259	226	1	1
1968	2	263	1	292	1
1969	5	157	176	187	1
1970	302	319	324	336	2
1971	487	2	459	498	1
1972	195	176	187	212	2
1973	337	335	325	345	2
1974	337	358	350	336	2
1975	324	320	336	2	1
1976	212	243	155	204	2
1977	552	544	537	8	1
1978	247	243	5	199	1
1979	176	155	212	169	2
1980	204	5	163	176	1
1981	155	243	199	204	2
1982	228	5	251	195	1
1983	187	5	212	176	1
1984	30	11	18	22	2
1985	27	117	79	51	2
1986	412	380	311	437	2
1987	21	11	12	1	1
1988	10	11	9	1	1
1989	1	13	18	11	1
1990	1	13	11	3	1
1991	316	346	378	4	1
1992	171	97	271	126	2
1993	11	53	37	104	2
1994	544	97	311	155	2
1995	97	83	108	1	1
1996	405	454	8	4	1
1997	405	311	351	340	2
1998	311	405	351	437	2
1999	562	2	561	570	1
2000	100	53	45	72	2
2001	550	562	561	532	2
2002	511	549	562	457	2
2003	68	95	78	3	1
2004	51	120	99	28	2
2005	400	389	398	445	2
2006	9	5	7	10	1
2007	28	99	78	49	2
2008	51	99	78	28	2
2009	229	276	285	7	1
2010	223	110	142	120	2
2011	110	97	149	109	2
2012	268	222	245	266	2
2013	486	455	473	4	1
2014	271	400	238	305	2
2015	400	467	305	271	2
2016	374	400	305	402	2
2017	506	473	481	4	1
2018	430	466	473	392	2
2019	446	429	413	397	2
2020	260	473	486	346	2
2021	346	473	392	287	2
2022	2	400	436	419	1
2023	2	279	364	308	1
2024	436	398	445	400	2
2025	389	457	428	445	2
2026	305	400	364	402	2
2027	97	155	28	311	2
2028	488	400	305	374	2
2029	400	488	463	374	2
2030	477	400	457	502	2
2031	194	400	238	271	2
2032	488	400	504	467	2
2033	181	165	135	3	1
2034	135	122	3	165	1
2035	203	165	3	205	1
2036	142	203	165	135	2
2037	51	120	28	137	2
2038	181	165	3	203	1
2039	263	2	300	292	1
2040	5	228	251	281	1
2041	155	139	176	163	2
2042	53	31	45	5	1
2043	60	73	86	114	2
2044	1	52	69	47	1
2045	60	69	1	86	1
2046	96	69	86	1	1
2047	30	69	47	60	2
2048	265	2	1	293	1
2049	398	322	2	389	1
2050	457	389	428	399	2
2051	389	384	399	457	2
2052	322	253	293	389	2
2053	198	142	165	3	1
2054	334	371	2	357	1
2055	321	5	6	256	1
2056	257	5	204	240	1
2057	256	284	180	242	2
2058	353	243	309	299	2
2059	56	126	125	84	2
2060	3	160	115	130	1
2061	7	103	92	130	1
2062	78	137	130	115	2
2063	78	137	115	99	2
2064	130	103	92	78	2
2065	389	2	398	428	1
2066	2	399	428	389	1
2067	365	2	352	370	1
2068	267	2	1	303	1
2069	428	398	389	445	2
2070	7	286	8	285	1
2071	332	286	285	343	2
2072	290	286	8	7	1
2073	286	338	8	343	1
2074	254	274	237	7	1
2075	331	338	295	286	2
2076	286	229	285	218	2
2077	412	286	332	396	2
2078	1	178	210	191	1
2079	210	217	222	1	1
2080	220	210	222	1	1
2081	220	210	1	189	1
2082	218	229	7	173	1
2083	286	229	332	285	2
2084	422	410	443	6	1
2085	286	218	7	252	1
2086	311	218	270	286	2
2087	158	192	162	7	1
2088	192	158	162	133	2
2089	7	67	48	43	1
2090	150	232	207	174	2
2091	274	232	237	7	1
2092	331	232	237	274	2
2093	271	283	1	248	1
2094	200	283	248	241	2
2095	305	283	271	374	2
2096	283	393	349	333	2
2097	463	393	448	374	2
2098	284	467	271	283	2
2099	234	375	280	282	2
2100	4	282	313	3	1
2101	269	282	3	313	1
2102	4	282	3	277	1
2103	223	282	231	269	2
2104	282	375	323	327	2
2105	190	232	183	7	1
2106	117	7	91	106	1
2107	14	13	20	3	1
2108	25	33	36	28	2
2109	96	83	73	1	1
2110	73	50	52	1	1
2111	30	73	52	69	2
2112	73	60	30	114	2
2113	171	97	125	145	2
2114	119	73	96	129	2
2115	298	97	201	223	2
2116	114	73	86	129	2
2117	138	97	148	123	2
2118	532	559	540	564	2
2119	378	426	346	351	2
2120	175	192	162	117	2
2121	67	82	7	91	1
2122	42	51	78	28	2
2123	183	190	7	161	1
2124	214	252	192	237	2
2125	133	232	252	311	2
2126	214	175	190	192	2
2127	260	137	167	130	2
2128	203	110	149	142	2
2129	160	137	167	3	1
2130	130	137	167	160	2
2131	137	51	99	78	2
2132	311	137	130	51	2
2133	290	8	367	295	1
2134	2	444	459	408	1
2135	414	367	409	8	1
2136	396	367	8	409	1
2137	396	338	8	367	1
2138	338	396	343	286	2
2139	158	192	7	218	1
2140	252	192	218	7	1
2141	2	300	325	324	1
2142	158	192	218	133	2
2143	252	214	254	237	2
2144	79	91	67	7	1
2145	46	5	63	37	1
2146	118	37	44	62	2
2147	464	469	6	493	1
2148	443	493	464	478	2
2149	464	469	493	443	2
2150	493	469	6	505	1
2151	266	268	308	1	1
2152	490	412	437	456	2
2153	530	554	539	518	2
2154	526	547	517	4	1
2155	4	558	8	568	1
2156	528	4	8	495	1
2157	117	82	7	113	1
2158	141	117	134	161	2
2159	161	113	134	144	2
2160	161	150	144	174	2
2161	3	9	13	11	1
2162	465	442	433	468	2
2163	11	24	13	22	2
2164	24	28	11	9	2
2165	18	13	22	11	2
2166	13	1	18	22	1
2167	519	496	492	8	1
2168	493	533	510	497	2
2169	544	490	519	492	2
2170	490	544	465	492	2
2171	529	492	496	471	2
2172	492	544	471	529	2
2173	4	342	310	347	1
2174	3	310	4	275	1
2175	250	310	269	3	1
2176	310	355	347	397	2
2177	223	310	275	298	2
2178	342	296	315	4	1
2179	310	223	275	250	2
2180	313	310	4	269	1
2181	310	282	269	313	2
2182	397	310	223	298	2
2183	467	469	505	472	2
2184	422	387	415	390	2
2185	472	469	6	431	1
2186	469	493	443	422	2
2187	102	64	62	7	1
2188	44	64	7	62	1
2189	102	64	7	85	1
2190	37	64	46	44	2
2191	181	208	3	172	1
2192	244	208	3	250	1
2193	149	208	223	181	2
2194	170	208	172	235	2
2195	284	278	6	333	1
2196	94	5	77	101	1
2197	5	312	6	256	1
2198	169	5	7	195	1
2199	284	193	241	200	2
2200	271	284	180	256	2
2201	193	284	242	180	2
2202	130	103	115	3	1
2203	71	103	92	7	1
2204	2	393	404	424	1
2205	458	424	448	421	2
2206	420	393	421	467	2
2207	458	424	421	6	1
2208	543	560	566	547	2
2209	560	558	4	568	1
2210	566	568	560	4	1
2211	543	560	547	4	1
2212	562	554	566	514	2
2213	234	168	198	221	2
2214	135	142	122	165	2
2215	240	272	230	212	2
2216	120	110	3	81	1
2217	135	122	89	3	1
2218	326	276	270	8	1
2219	49	120	99	81	2
2220	240	243	212	204	2
2221	272	5	251	291	1
2222	257	5	240	272	1
2223	232	169	207	461	2
2224	183	207	174	7	1
2225	228	7	207	262	1
2226	169	207	228	7	1
2227	174	232	207	183	2
2228	2	485	502	513	1
2229	214	175	192	7	1
2230	309	461	410	372	2
2231	328	272	228	291	2
2232	169	232	311	461	2
2233	133	232	192	252	2
2234	6	366	401	368	1
2235	418	401	6	451	1
2236	401	309	410	372	2
2237	318	401	366	368	2
2238	401	461	478	451	2
2239	372	401	368	418	2
2240	318	401	368	372	2
2241	318	363	401	309	2
2242	55	34	1	39	1
2243	109	80	105	3	1
2244	30	50	1	52	1
2245	30	34	1	50	1
2246	57	80	76	54	2
2247	527	553	540	6	1
2248	524	540	548	6	1
2249	529	508	496	8	1
2250	491	544	497	520	2
2251	508	544	523	537	2
2252	558	566	568	560	2
2253	471	475	8	447	1
2254	55	34	50	1	1
2255	501	490	483	558	2
2256	568	544	558	552	2
2257	569	565	8	563	1
2258	560	558	547	4	1
2259	558	501	547	517	2
2260	311	544	490	558	2
2261	558	473	564	562	2
2262	278	284	241	283	2
2263	133	229	270	218	2
2264	225	159	270	224	2
2265	218	229	285	7	1
2266	159	225	270	173	2
2267	229	270	218	286	2
2268	27	62	44	43	2
2269	91	27	79	48	2
2270	33	48	59	79	2
2271	440	478	451	401	2
2272	91	27	48	43	2
2273	27	91	62	43	2
2274	401	451	440	6	1
2275	410	440	401	478	2
2276	478	440	451	6	1
2277	443	440	464	6	1
2278	15	16	27	7	1
2279	10	27	15	9	2
2280	33	27	16	7	1
2281	29	27	43	7	1
2282	44	27	43	29	2
2283	117	27	169	51	2
2284	117	150	118	113	2
2285	569	565	568	8	1
2286	396	442	433	465	2
2287	162	175	141	7	1
2288	161	175	190	7	1
2289	162	175	7	192	1
2290	365	335	352	330	2
2291	298	319	314	292	2
2292	4	416	391	426	1
2293	324	319	325	337	2
2294	2	300	324	302	1
2295	391	378	426	346	2
2296	122	165	142	3	1
2297	300	2	319	292	1
2298	319	324	325	300	2
2299	6	333	383	359	1
2300	458	420	6	421	1
2301	458	393	448	467	2
2302	404	393	349	374	2
2303	467	393	283	284	2
2304	359	393	333	383	2
2305	489	515	527	504	2
2306	524	504	515	6	1
2307	515	540	524	6	1
2308	489	515	504	6	1
2309	300	2	325	319	1
2310	2	314	330	319	1
2311	3	213	182	7	1
2312	2	298	314	292	1
2313	120	216	167	186	2
2314	213	3	239	255	1
2315	4	282	355	313	1
2316	407	355	4	397	1
2317	355	375	4	397	1
2318	355	347	313	282	2
2319	407	355	397	347	2
2320	331	377	8	382	1
2321	414	331	382	423	2
2322	8	414	382	423	1
2323	367	382	8	414	1
2324	490	516	528	558	2
2325	558	516	541	519	2
2326	423	377	8	427	1
2327	427	461	394	434	2
2328	418	394	434	8	1
2329	412	461	331	465	2
2330	427	434	394	8	1
2331	331	328	461	306	2
2332	207	328	306	461	2
2333	7	159	147	173	1
2334	133	7	147	173	1
2335	270	147	133	159	2
2336	508	491	474	8	1
2337	270	147	159	173	2
2338	51	124	130	133	2
2339	534	532	513	511	2
2340	282	355	327	4	1
2341	277	327	282	323	2
2342	355	375	397	282	2
2343	277	327	323	4	1
2344	390	467	359	420	2
2345	305	348	2	374	1
2346	420	393	383	421	2
2347	431	435	415	6	1
2348	467	390	435	420	2
2349	431	435	6	472	1
2350	511	534	535	2	1
2351	55	34	39	50	2
2352	425	450	2	463	1
2353	266	2	308	279	1
2354	303	2	364	361	1
2355	364	2	419	400	1
2356	400	2	436	398	1
2357	2	361	400	364	1
2358	539	2	522	549	1
2359	384	371	399	2	1
2360	384	371	369	334	2
2361	2	484	494	457	1
2362	325	345	2	337	1
2363	536	2	535	551	1
2364	550	559	561	2	1
2365	512	511	535	2	1
2366	512	511	2	494	1
2367	477	511	502	494	2
2368	477	502	2	479	1
2369	477	479	2	436	1
2370	436	450	2	419	1
2371	477	436	2	445	1
2372	477	445	2	494	1
2373	494	445	2	457	1
2374	457	445	2	428	1
2375	513	511	502	2	1
2376	485	450	2	479	1
2377	402	450	463	400	2
2378	424	2	6	448	1
2379	2	305	374	301	1
2380	322	253	361	303	2
2381	2	398	445	436	1
2382	2	498	476	459	1
2383	2	549	4	562	1
2384	279	2	364	303	1
2385	404	2	425	374	1
2386	402	348	374	2	1
2387	361	2	400	398	1
2388	549	2	536	551	1
2389	321	387	360	6	1
2390	566	2	4	562	1
2391	548	2	550	532	1
2392	384	453	417	399	2
2393	296	339	315	298	2
2394	475	442	447	471	2
2395	492	442	471	465	2
2396	331	442	414	396	2
2397	461	471	474	427	2
2398	418	461	451	6	1
2399	372	461	418	394	2
2400	461	418	434	8	1
2401	401	461	372	410	2
2402	410	461	497	478	2
2403	467	461	410	155	2
2404	504	393	448	488	2
2405	178	217	222	210	2
2406	358	379	381	365	2
2407	365	408	2	379	1
2408	398	322	361	2	1
2409	303	322	267	2	1
2410	322	357	2	389	1
2411	370	379	365	2	1
2412	406	379	381	2	1
2413	358	379	365	370	2
2414	330	319	335	2	1
2415	91	118	62	113	2
2416	90	82	7	61	1
2417	399	453	428	457	2
2418	117	113	7	134	1
2419	62	82	113	90	2
2420	406	417	439	2	1
2421	118	62	90	102	2
2422	85	118	127	102	2
2423	144	118	113	7	1
2424	102	118	127	7	1
2425	439	453	2	417	1
2426	91	118	113	117	2
2427	118	27	117	91	2
2428	85	118	102	62	2
2429	37	118	44	27	2
2430	428	453	2	457	1
2431	442	475	8	468	1
2432	433	442	409	8	1
2433	554	530	543	514	2
2434	543	554	560	4	1
2435	549	554	539	4	1
2436	549	554	4	562	1
2437	514	554	566	543	2
2438	82	62	61	90	2
2439	278	349	283	2	1
2440	6	278	2	333	1
2441	248	278	241	283	2
2442	248	278	283	1	1
2443	334	320	344	336	2
2444	2	334	320	344	1
2445	297	320	2	334	1
2446	369	320	302	334	2
2447	369	320	334	336	2
2448	350	345	358	337	2
2449	416	346	391	426	2
2450	358	352	345	2	1
2451	350	345	337	2	1
2452	352	335	2	330	1
2453	381	335	358	365	2
2454	395	391	4	416	1
2455	4	296	2	275	1
2456	416	362	391	346	2
2457	395	391	362	4	1
2458	317	362	395	346	2
2459	346	362	391	4	1
2460	317	362	304	4	1
2461	310	296	275	298	2
2462	315	296	2	4	1
2463	298	296	2	315	1
2464	4	296	275	310	1
2465	408	381	379	365	2
2466	384	408	459	381	2
2467	406	408	379	2	1
2468	365	408	388	2	1
2469	459	408	439	2	1
2470	381	408	379	406	2
2471	388	444	408	459	2
2472	337	335	345	358	2
2473	352	335	345	2	1
2474	325	335	319	2	1
2475	335	365	319	330	2
2476	336	335	337	358	2
2477	155	139	116	169	2
2478	5	93	112	116	1
2479	116	5	139	112	1
2480	169	157	176	139	2
2481	111	139	112	116	2
2482	111	139	116	155	2
2483	322	357	389	293	2
2484	450	400	419	436	2
2485	485	450	479	463	2
2486	502	450	463	479	2
2487	402	450	419	2	1
2488	436	450	479	2	1
2489	485	450	463	2	1
2490	402	450	2	425	1
2491	477	450	436	400	2
2492	399	357	389	2	1
2493	322	357	293	2	1
2494	384	357	389	399	2
2495	344	371	2	334	1
2496	456	490	8	499	1
2497	490	516	8	499	1
2498	544	519	490	558	2
2499	532	540	548	524	2
2500	444	388	407	397	2
2501	483	528	490	495	2
2502	520	533	6	538	1
2503	501	528	517	558	2
2504	544	457	564	473	2
2505	452	490	437	483	2
2506	516	490	519	558	2
2507	533	545	6	556	1
2508	412	490	437	452	2
2509	497	533	6	520	1
2510	493	533	497	553	2
2511	2	268	1	308	1
2512	246	268	264	245	2
2513	2	268	308	305	1
2514	222	268	264	271	2
2515	124	133	147	159	2
2516	75	124	92	130	2
2517	130	124	7	159	1
2518	512	511	494	457	2
2519	511	564	504	457	2
2520	477	511	2	502	1
2521	400	511	457	502	2
2522	532	511	502	513	2
2523	550	511	535	562	2
2524	323	327	375	4	1
2525	277	375	323	282	2
2526	355	375	327	4	1
2527	392	375	413	4	1
2528	375	473	397	223	2
2529	287	375	392	280	2
2530	234	375	282	223	2
2531	76	97	109	80	2
2532	208	97	201	149	2
2533	138	105	123	1	1
2534	70	80	1	105	1
2535	105	138	109	3	1
2536	150	118	127	169	2
2537	161	150	174	117	2
2538	117	150	169	118	2
2539	207	150	169	117	2
2540	28	24	20	9	2
2541	24	28	20	32	2
2542	28	24	38	32	2
2543	39	24	22	3	1
2544	13	24	20	3	1
2545	32	24	38	3	1
2546	49	24	38	28	2
2547	49	24	28	57	2
2548	426	378	403	351	2
2549	351	378	403	4	1
2550	391	378	346	4	1
2551	459	453	476	439	2
2552	428	453	417	2	1
2553	484	453	2	476	1
2554	439	453	476	2	1
2555	484	453	476	457	2
2556	384	453	457	459	2
2557	453	384	439	459	2
2558	399	453	417	428	2
2559	5	193	180	143	1
2560	377	423	382	331	2
2561	180	126	107	143	2
2562	148	97	108	123	2
2563	467	126	180	271	2
2564	193	126	180	143	2
2565	295	338	290	286	2
2566	367	290	338	8	1
2567	97	80	55	70	2
2568	286	338	290	8	1
2569	396	338	343	8	1
2570	1	96	108	129	1
2571	148	108	1	123	1
2572	123	97	1	105	1
2573	97	83	1	70	1
2574	97	238	194	400	2
2575	491	6	8	520	1
2576	523	491	8	520	1
2577	6	491	8	461	1
2578	508	491	8	523	1
2579	54	80	76	3	1
2580	432	405	403	4	1
2581	466	452	501	486	2
2582	455	466	441	4	1
2583	483	460	4	452	1
2584	393	404	448	374	2
2585	466	452	486	346	2
2586	437	405	8	380	1
2587	8	405	4	340	1
2588	405	8	380	340	1
2589	225	173	229	270	2
2590	224	225	197	7	1
2591	173	225	229	7	1
2592	225	276	7	270	1
2593	467	420	435	6	1
2594	383	6	420	421	1
2595	359	420	383	6	1
2596	120	164	3	140	1
2597	364	348	308	305	2
2598	2	364	348	308	1
2599	402	348	2	364	1
2600	348	402	374	305	2
2601	100	53	104	111	2
2602	111	104	100	136	2
2603	64	5	7	85	1
2604	67	82	91	61	2
2605	62	82	61	91	2
2606	90	82	113	7	1
2607	117	82	91	7	1
2608	67	82	61	7	1
2609	129	119	156	1	1
2610	177	156	129	194	2
2611	145	156	119	1	1
2612	177	156	194	1	1
2613	114	156	145	129	2
2614	492	475	496	471	2
2615	468	496	475	8	1
2616	442	475	468	471	2
2617	471	475	496	8	1
2618	442	475	447	8	1
2619	359	312	390	6	1
2620	120	234	142	223	2
2621	360	359	390	467	2
2622	435	390	415	6	1
2623	435	390	6	420	1
2624	142	168	140	3	1
2625	190	214	237	7	1
2626	252	214	7	254	1
2627	30	34	50	22	2
2628	541	546	8	528	1
2629	528	516	8	541	1
2630	517	528	547	558	2
2631	528	495	499	490	2
2632	8	546	558	4	1
2633	18	34	1	30	1
2634	452	466	460	426	2
2635	4	452	460	426	1
2636	441	460	4	466	1
2637	501	460	466	4	1
2638	426	460	416	441	2
2639	483	460	452	501	2
2640	460	426	466	441	2
2641	190	232	7	237	1
2642	232	331	306	274	2
2643	252	232	237	331	2
2644	207	232	7	183	1
2645	117	232	133	169	2
2646	252	232	286	311	2
2647	232	117	207	169	2
2648	117	232	190	192	2
2649	214	175	7	190	1
2650	117	175	141	162	2
2651	128	169	127	139	2
2652	128	127	116	139	2
2653	127	5	128	102	1
2654	35	53	40	23	2
2655	102	5	85	7	1
2656	6	544	8	538	1
2657	520	544	538	8	1
2658	552	544	8	555	1
2659	6	544	538	555	1
2660	520	544	8	523	1
2661	544	556	555	564	2
2662	387	422	360	390	2
2663	442	544	461	471	2
2664	169	544	461	311	2
2665	568	544	564	558	2
2666	5	154	1	200	1
2667	121	5	126	154	1
2668	5	200	1	241	1
2669	553	545	521	533	2
2670	564	545	553	533	2
2671	531	545	6	521	1
2672	545	564	556	533	2
2673	365	342	339	2	1
2674	352	339	330	2	1
2675	315	339	342	2	1
2676	296	339	342	315	2
2677	310	339	298	365	2
2678	319	339	365	298	2
2679	16	14	25	7	1
2680	33	25	16	28	2
2681	3	25	14	7	1
2682	33	25	36	7	1
2683	146	120	167	186	2
2684	140	110	120	142	2
2685	238	97	194	219	2
2686	120	28	57	49	2
2687	167	146	3	137	1
2688	135	110	122	142	2
2689	66	110	57	49	2
2690	223	97	149	110	2
2691	8	276	270	7	1
2692	6	349	333	2	1
2693	278	349	2	333	1
2694	374	349	301	283	2
2695	278	349	333	283	2
2696	393	283	349	374	2
2697	45	19	23	26	2
2698	17	5	26	19	1
2699	23	5	19	31	1
2700	66	110	81	3	1
2701	10	19	17	12	2
2702	142	3	110	122	1
2703	49	110	120	81	2
2704	312	5	288	236	1
2705	89	110	3	122	1
2706	359	288	312	6	1
2707	256	288	242	236	2
2708	157	169	128	139	2
2709	169	5	157	128	1
2710	5	116	139	157	1
2711	127	5	7	169	1
2712	116	157	128	139	2
2713	55	97	70	50	2
2714	104	53	74	77	2
2715	19	53	45	23	2
2716	53	37	104	111	2
2717	87	53	111	37	2
2718	56	53	94	58	2
2719	12	53	23	17	2
2720	397	446	473	413	2
2721	121	5	94	126	1
2722	5	121	1	154	1
2723	5	166	143	126	1
2724	540	532	553	504	2
2725	97	120	223	260	2
2726	302	97	201	298	2
2727	110	97	57	120	2
2728	39	97	54	55	2
2729	156	97	129	194	2
2730	8	546	4	528	1
2731	517	546	528	4	1
2732	541	546	528	558	2
2733	541	546	558	8	1
2734	332	385	343	8	1
2735	540	559	548	6	1
2736	564	559	6	567	1
2737	2	559	567	6	1
2738	540	559	6	553	1
2739	562	559	532	564	2
2740	561	559	567	2	1
2741	433	385	8	396	1
2742	376	385	412	332	2
2743	433	385	396	438	2
2744	525	549	536	512	2
2745	321	387	356	360	2
2746	549	525	522	498	2
2747	512	525	507	2	1
2748	498	525	522	2	1
2749	549	525	536	2	1
2750	390	387	415	6	1
2751	422	387	6	431	1
2752	216	164	186	168	2
2753	167	146	137	120	2
2754	306	8	328	262	1
2755	461	328	394	372	2
2756	281	328	329	8	1
2757	394	328	8	329	1
2758	281	328	8	262	1
2759	541	519	516	8	1
2760	401	363	366	410	2
2761	427	328	394	461	2
2762	331	328	306	423	2
2763	410	328	309	169	2
2764	366	6	363	309	1
2765	410	363	366	6	1
2766	318	363	366	401	2
2767	115	99	95	78	2
2768	103	95	115	3	1
2769	68	95	3	99	1
2770	137	95	99	3	1
2771	103	95	3	78	1
2772	68	95	99	78	2
2773	1	248	233	271	1
2774	264	233	1	217	1
2775	233	271	200	171	2
2776	171	233	191	200	2
2777	333	6	393	349	1
2778	233	222	171	191	2
2779	421	393	6	424	1
2780	2	393	6	349	1
2781	448	393	424	404	2
2782	552	542	8	529	1
2783	565	542	557	552	2
2784	519	542	541	558	2
2785	544	542	529	519	2
2786	131	104	107	180	2
2787	104	151	131	136	2
2788	180	131	143	107	2
2789	5	58	1	94	1
2790	423	377	382	8	1
2791	331	377	306	8	1
2792	328	377	394	8	1
2793	492	516	519	8	1
2794	528	516	499	8	1
2795	5	179	136	151	1
2796	5	204	163	155	1
2797	195	5	251	187	1
2798	204	5	176	212	1
2799	5	112	155	163	1
2800	5	112	111	155	1
2801	5	87	100	111	1
2802	5	63	45	72	1
2803	5	85	93	116	1
2804	388	444	407	4	1
2805	77	5	104	107	1
2806	5	77	74	53	1
2807	5	77	104	74	1
2808	5	107	131	104	1
2809	121	5	1	94	1
2810	131	180	5	151	1
2811	131	151	5	136	1
2812	131	136	5	104	1
2813	104	136	5	100	1
2814	100	136	5	111	1
2815	111	136	5	155	1
2816	104	100	5	74	1
2817	74	100	5	72	1
2818	74	72	5	53	1
2819	53	72	5	45	1
2820	5	284	6	288	1
2821	212	243	257	309	2
2822	5	247	179	209	1
2823	473	446	4	430	1
2824	112	5	111	87	1
2825	87	5	72	63	1
2826	35	5	1	23	1
2827	107	5	131	143	1
2828	5	143	180	131	1
2829	5	236	193	242	1
2830	93	5	112	87	1
2831	5	29	7	15	1
2832	23	5	1	12	1
2833	278	5	1	241	1
2834	5	278	6	284	1
2835	5	272	6	291	1
2836	157	5	176	139	1
2837	37	5	45	26	1
2838	11	5	10	12	1
2839	15	5	17	10	1
2840	446	413	430	473	2
2841	240	243	204	257	2
2842	204	243	199	5	1
2843	299	5	243	257	1
2844	247	243	299	5	1
2845	204	243	5	257	1
2846	179	243	155	256	2
2847	243	179	247	256	2
2848	240	243	257	212	2
2849	243	356	299	353	2
2850	489	503	467	527	2
2851	505	503	472	6	1
2852	515	503	527	6	1
2853	120	146	164	186	2
2854	120	164	146	3	1
2855	99	146	120	137	2
2856	186	146	164	3	1
2857	99	146	137	3	1
2858	78	42	68	3	1
2859	28	3	42	36	1
2860	32	42	28	3	1
2861	71	42	3	36	1
2862	32	42	3	49	1
2863	51	42	78	71	2
2864	96	83	1	108	1
2865	73	83	108	97	2
2866	83	50	70	97	2
2867	50	83	1	73	1
2868	96	83	108	73	2
