1 2868
1632	1634	1333	2191
1852	1243	281	2186
2865	6	1435	468
2227	758	905	2105
1467	2719	609	393
1210	442	3	2116
72	1156	1120	1262
1589	778	2329	304
1044	1923	2144	2089
2113	1210	108	1092
1935	1523	974	893
477	1037	418	544
1879	1876	389	1875
800	2020	2021	1196
1778	194	801	957
1109	1803	2700	450
260	1497	2751	2185
526	1028	1442	1948
1120	423	600	1510
2186	2148	971	148
1727	1002	1836	695
1843	1222	1223	430
660	1906	1395	1968
996	2495	825	597
1220	1247	2255	702
2283	345	948	292
2117	411	396	279
747	47	2116	872
1291	1289	2098	2303
525	811	1252	1438
1881	648	2155	2285
1788	2118	2738	1790
2567	2534	233	1643
1467	50	2838	2701
1503	1757	1890	2000
841	1327	1315	1314
1347	301	181	2763
906	1464	1462	204
669	1933	1292	431
1679	2397	1794	1373
2662	1377	827	1423
2745	429	199	316
1382	935	2164	774
431	471	642	1933
2149	2147	2277	1497
1012	1690	1010	1986
2114	1305	28	2116
497	1614	1031	1616
1005	2661	2672	907
1382	34	157	1988
782	566	1781	1706
2153	2433	1579	1074
111	2668	563	1409
1509	1047	2089	2608
1998	1891	1986	2586
488	351	2208	1888
2307	283	576	2306
2620	899	134	403
670	978	1672	866
975	2760	2765	2234
872	2613	501	2611
88	1644	250	2250
554	2617	1794	2249
1358	2783	1881	1699
1145	1394	1393	1400
186	2158	671	280
2018	1597	1924	1115
1601	1605	1604	1618
1703	1701	1700	1699
325	1669	1793	439
2685	839	1947	841
1156	7	2002	271
542	2176	718	2318
333	391	184	1607
2725	2690	2727	2010
2301	962	884	2206
513	950	443	2240
1266	2334	256	1587
81	968	943	469
1837	1440	0	1234
79	393	1824	172
1027	2128	931	2690
2032	176	1744	1035
1982	93	160	2198
2605	2419	2415	217
1430	664	1482	927
428	2075	1871	356
1833	953	591	62
106	1065	464	2287
1495	2019	684	539
2516	2517	2061	1720
1647	753	2329	1645
84	2040	117	167
1744	1695	524	1958
133	1429	2744	1694
329	1422	974	1163
1281	1017	1640	2103
2115	122	735	1340
2009	1689	2591	2592
677	1650	423	2746
1326	755	839	841
2742	752	1011	2734
1986	184	2508	1445
318	788	625	452
1016	1391	1906	2463
1065	89	683	280
816	427	483	1066
1208	10	501	1207
1046	1302	777	878
2221	2231	241	337
957	53	1090	1187
1218	2503	1260	1293
2462	2675	1506	2178
2513	2511	1843	963
1512	2427	2273	2415
245	2037	433	342
2225	363	1013	93
1504	1166	2815	2602
792	2725	245	1388
2706	1520	1421	2820
2237	511	2234	950
2726	541	739	98
1560	1588	2124	154
199	2197	527	2055
2857	2855	567	2854
2719	1500	1519	730
2535	577	1170	1269
1702	1943	321	1884
1278	2510	2669	1785
1025	1482	153	664
1857	882	879	1784
806	694	1028	449
1429	95	1917	2365
58	2213	165	982
308	174	386	1427
2041	1746	2799	1370
1239	1914	179	1378
2277	421	2084	975
2512	397	1749	1751
1121	1047	2604	1923
2803	486	1076	771
2346	2779	2594	286
1363	2007	2772	1112
275	582	2726	1966
511	484	170	509
592	470	1059	1130
2755	257	903	2757
20	1828	971	2084
2291	739	582	546
257	347	513	458
2215	1908	241	169
692	1196	694	1897
130	1492	1541	1481
123	2233	2124	2643
563	490	1182	1094
2491	2030	556	912
2279	1339	50	1382
2525	690	689	2099
857	1611	914	1586
2226	197	84	2198
2276	293	969	2277
277	1393	1034	1285
1850	2476	1530	656
2577	646	1674	2336
826	1544	418	134
2239	2235	951	2234
1013	93	844	0
2222	1908	2215	1161
1478	1905	1159	151
1678	395	145	2835
2633	1688	1984	2627
81	1984	1405	435
618	1258	921	1796
895	524	135	1956
2090	2539	1461	1049
2032	266	505	83
1148	387	1494	1511
2780	2204	1343	2302
961	1377	863	137
276	1915	1832	1380
1979	273	37	891
392	2396	2321	381
1086	1730	191	1899
1998	103	74	1014
1318	380	1250	911
2288	1676	66	2287
2711	2653	2651	2709
2250	1642	2576	2660
2421	2415	2419	860
347	296	1783	844
1733	1134	183	819
856	2532	1282	2115
1060	2052	1324	1116
958	15	1090	1410
496	306	2225	363
2718	606	1075	1190
160	1347	366	1463
1937	1348	1710	2698
287	42	124	527
2053	418	826	2035
2280	932	206	990
1466	1754	517	2482
418	1242	2213	272
1827	38	1764	1068
2852	1877	2308	1875
2270	1044	615	201
2338	1006	834	406
1865	1459	831	2106
2862	2860	1107	258
2112	249	494	473
309	1721	1521	2774
2825	1890	2802	818
1646	1786	1374	2761
2011	1524	1170	237
2725	927	1430	800
334	890	1741	1167
2157	2607	2426	85
2403	376	273	224
2821	2058	1863	2843
742	417	1876	335
1538	1720	1567	1046
1952	1931	785	2017
399	1237	1834	916
2763	364	218	322
2195	2262	1372	2695
880	1309	491	2378
2404	1771	1267	2097
2402	2238	419	967
400	560	1095	2200
1783	2040	337	2221
1805	739	1970	852
1052	2681	1617	1146
2713	2254	33	1431
724	1581	1131	702
1867	2643	2143	1866
2231	363	337	904
1169	1515	497	214
2142	2233	415	2140
2310	545	1813	1594
1498	1625	1494	267
366	495	110	151
414	1360	2248	456
2838	475	1987	2832
1248	762	2454	1080
1053	2037	119	116
1662	381	2322	988
1608	1940	1960	345
2405	1216	2078	1521
210	1526	1205	1092
2577	1200	967	62
1013	2754	1562	1658
1171	2627	1671	2351
2728	1796	2351	2713
454	589	588	1322
2172	385	554	383
1055	1536	464	78
365	904	150	147
986	209	1112	269
2241	2766	511	2764
1852	883	1853	17
2069	2065	2374	2381
2642	1562	1658	2091
2396	1468	1655	1661
1513	1136	800	2528
2090	1592	2537	758
440	1286	176	420
2176	240	1493	1901
426	470	444	592
2858	2122	258	1112
2523	1009	1365	1000
2504	2261	999	72
1541	1025	203	1726
218	181	1162	2763
1300	378	379	1250
976	1282	144	947
1832	1913	2764	180
1245	585	162	1631
1742	827	1852	2348
571	1792	27	1633
66	2418	106	2158
971	1834	2	1239
2530	2099	1546	1513
1860	57	2305	417
2504	420	1310	1344
2661	1005	357	2659
2304	142	2299	2777
1880	1736	662	199
836	926	354	1591
411	1127	1792	577
1425	430	1840	1063
2472	1802	2450	2473
433	1612	26	1608
421	2275	161	1828
2198	2709	1460	332
807	1954	590	1168
190	347	904	2756
2223	778	859	2332
474	1088	773	1542
1434	612	2244	2044
548	1230	1172	582
37	1347	495	1407
1870	1682	1658	1657
2440	561	1537	0
394	314	373	8
1774	2395	779	2616
195	2332	859	2754
1661	2135	988	2432
895	1153	2228	135
559	2778	1216	211
2049	2408	1946	555
1149	1286	2563	2015
1454	2303	1424	519
1806	1397	997	1518
2646	304	1589	1533
1283	580	350	2179
42	1741	1819	1738
2098	519	329	2200
104	396	586	616
2540	815	434	2544
1884	1882	1361	2257
401	398	128	2661
496	224	2223	2332
1418	1419	837	1861
1101	939	1358	2256
70	1945	439	1673
735	1148	2182	2528
1527	2453	1532	1850
2743	2741	1610	1793
2200	317	2563	96
1879	1878	1253	1876
907	1833	2510	1277
2797	294	1389	1969
1444	74	493	704
890	216	412	2847
1857	220	505	2724
2867	2866	1404	2865
236	110	230	2040
1077	658	1974	965
2241	2236	484	2240
1695	999	2739	650
2731	2156	698	1293
2132	1437	433	116
1805	852	977	846
465	1176	1211	1523
748	26	247	935
1739	2619	527	1880
296	190	150	458
2218	1484	1011	1150
2645	1612	2283	832
1015	1281	315	2192
56	488	2437	1581
1114	2167	2615	949
1440	1724	1620	1622
288	2335	378	1534
759	2504	1930	1376
87	2565	2133	2566
2659	285	398	918
2397	2327	1674	1373
668	1342	1349	528
1797	2630	861	2732
842	839	788	396
788	842	2610	589
195	236	2758	117
224	2763	2230	1270
368	2231	443	257
197	241	1982	1159
911	2264	379	1257
1407	365	484	1270
1502	1900	486	1070
818	1711	772	371
370	1827	768	1754
1550	2072	2085	1457
1868	304	2077	1554
2009	908	1150	2083
2337	2335	714	2334
460	2664	218	953
2328	1663	903	2399
354	926	274	379
1319	367	274	378
2333	721	185	1596
1553	182	246	988
2273	1121	1509	2605
1644	255	1685	1642
1022	1024	761	706
647	255	2251	1102
1427	1488	135	1773
177	1262	1261	2556
1328	896	1696	1967
884	2300	13	2593
2829	885	2201	522
74	1444	699	2585
453	1743	182	1786
943	81	609	5
2646	304	765	2643
170	1678	1863	888
27	468	318	361
139	2512	416	963
321	401	1884	357
2510	1833	1791	223
2201	2199	958	229
398	321	1572	881
2751	1649	2347	2750
58	1379	2624	2684
1599	1595	1294	1263
1137	1732	2102	1726
1539	207	878	1538
1734	709	1138	1731
627	809	746	444
1258	1185	2627	1404
1329	1323	1236	1278
1232	27	289	2532
946	1819	1397	334
2011	1559	1269	1232
242	1693	1309	2306
238	1719	2125	1591
2774	397	1054	666
220	742	2305	283
12	203	200	165
1280	2276	967	228
266	1935	284	759
138	2277	1828	293
1643	2534	1613	2243
19	1120	100	851
1083	562	1506	2468
965	658	1097	791
268	1149	2031	2574
1605	525	107	1441
87	1868	2137	1468
1736	1423	1831	42
22	290	2093	1537
756	44	39	1514
759	1388	1930	876
342	292	116	1388
936	2107	984	319
1987	172	1405	1989
2682	2680	2280	2679
2279	774	987	2278
2281	1822	2831	2278
70	1666	1610	325
266	876	850	1947
2423	671	2159	2418
1092	1404	6	2112
77	484	509	365
2729	877	408	268
631	1353	473	1352
1091	958	1778	1095
740	1335	451	830
2747	1653	1651	830
821	868	132	693
986	16	466	1363
1426	993	447	2555
587	104	588	454
392	1645	2329	461
1326	788	452	254
1624	628	809	1628
2737	1178	242	2735
1527	853	1018	2678
1663	903	150	347
1758	1082	2815	2795
2664	376	1608	1994
2396	453	1554	2286
1673	766	1554	2286
1867	1064	1870	2074
1055	256	89	2087
1176	344	1824	960
1363	567	450	2769
2681	1052	1383	2682
2562	396	3	616
79	494	485	611
1992	2113	268	146
1944	44	1934	2631
1891	1241	1012	2588
210	1205	631	445
544	298	680	1542
243	2838	1988	725
851	1072	819	1899
1287	12	1726	1193
1361	1659	1177	2285
1572	1570	1361	1366
1561	1308	671	2123
1079	1556	2423	1406
575	921	614	645
1254	1441	1066	107
145	339	368	443
732	469	635	610
2603	369	1821	141
606	1411	1470	1202
351	56	1240	1580
976	2194	1792	1127
2199	2201	155	1094
1154	507	226	1879
902	2030	1747	2367
1729	1601	333	1725
469	210	634	613
241	301	1407	1165
1347	322	2226	195
237	48	2217	1170
1058	1303	831	878
1232	2117	2572	2533
960	1092	1412	1526
747	108	2611	61
893	1176	729	923
549	587	1325	780
917	1785	2150	1323
1574	1310	176	335
2521	1035	1275	1958
2207	2205	491	2378
983	2684	2596	2216
443	2835	145	950
730	1519	2697	2837
259	145	2764	121
1707	2000	2818	2817
950	77	150	951
2562	2572	2571	1995
1899	1730	764	1907
2196	782	1706	2805
2481	202	2824	768
2822	1978	1371	1082
317	312	1736	1520
1817	1900	2188	2603
1643	1306	574	2242
2829	1518	390	2559
1142	1085	1086	2804
174	94	1488	862
1251	30	816	427
1028	18	928	995
2389	124	199	346
1896	359	696	584
800	1261	1340	735
2501	1218	2324	2255
797	1609	2523	2350
2404	1093	880	533
1488	1309	532	880
1342	727	1928	1349
1183	1273	1450	1272
1231	1144	628	1624
1248	700	711	762
1721	938	1128	2773
90	2720	1511	1214
859	2644	2225	1562
122	2726	755	839
2176	73	1126	2342
732	731	610	2826
1037	474	2035	12
2675	1143	239	2674
149	1848	1172	2297
1603	1300	1621	2311
1849	1395	1023	300
1245	973	503	621
2170	2172	2395	1798
1667	1114	1666	2170
2447	1097	996	2443
995	1032	868	1028
63	255	2171	2249
2380	2052	807	310
156	912	1747	2371
2731	1797	2154	861
1036	2353	2151	2511
309	1201	2774	666
1213	229	2098	1225
2834	2833	303	0
2804	2471	424	1083
1090	53	2199	155
1089	1782	937	2722
1861	2445	843	1775
51	608	605	1211
2216	466	2219	125
2701	1584	2719	1474
728	2839	2698	2701
2469	2382	2551	2554
1635	622	1633	279
1990	2161	870	1988
2665	2261	909	1887
521	2543	1039	1671
2543	482	1191	2545
2499	2724	862	57
127	620	1638	289
974	1449	1166	1174
2432	2162	1675	2431
1145	315	1401	2192
1750	1749	2080	864
1023	144	300	149
2175	2174	688	2180
1895	1893	528	2548
1631	2194	277	1632
1633	318	623	587
586	452	588	503
587	452	625	254
254	362	2612	1212
2380	295	1327	663
88	2403	1237	2402
268	146	749	1233
1750	1331	1272	2012
2384	1036	1268	2068
1628	1330	2081	1623
833	966	1144	2405
2359	2360	828	24
1721	2776	640	1089
1360	1693	862	1956
1426	1653	19	1694
944	602	945	1206
2113	601	1208	1059
1354	955	1779	1203
2188	906	2190	2146
2718	1411	1780	566
487	196	607	2654
1197	1708	606	1202
1209	566	968	2718
5	393	731	1987
543	485	635	611
469	612	610	1405
611	613	636	299
612	494	636	2047
1192	482	1038	1191
1384	1057	206	776
624	468	318	623
1829	1854	1875	2851
173	792	2547	923
2541	1617	2860	1259
1613	577	1635	1333
973	549	701	1967
571	2117	2533	2571
616	2571	586	624
616	623	625	2570
624	104	626	588
2612	2610	625	2609
809	408	1228	2612
1208	536	833	455
1412	955	944	1782
1305	638	747	2046
632	633	473	445
633	631	784	1354
631	632	634	1355
633	494	636	635
634	485	610	1190
634	613	637	612
2047	2045	636	2044
630	2114	2609	2570
2112	1110	2047	2111
945	716	598	937
795	1450	2514	737
44	756	672	2501
697	668	1317	672
1376	2504	2261	2665
2547	2546	1111	482
1644	1685	2397	164
385	1101	1687	1977
1358	1925	2256	31
1919	1999	1009	1910
2523	1609	2001	340
1361	1366	1175	0
2451	2448	1077	2450
1508	2748	1364	678
2555	2553	2361	2430
2401	952	2399	2239
163	1973	2293	2474
1077	991	791	965
977	682	425	338
1621	1529	1257	1603
23	1016	719	1400
2129	1007	2060	1062
1808	1520	287	2706
1168	1151	1268	590
873	899	130	86
991	741	1974	2451
1054	559	416	1752
1011	1010	1690	2742
1342	359	643	1606
1723	2586	39	1996
2742	2734	978	59
66	480	441	2159
1928	642	643	1350
1240	1551	1105	1580
2526	2342	2104	2340
2153	1889	1650	2435
1997	1894	1002	2587
678	1447	851	100
1447	677	1508	653
1447	819	1069	1733
1640	1637	474	2038
993	1510	2382	2551
658	977	846	1507
914	106	1536	2106
90	1142	901	1085
2178	919	2173	2464
2677	919	1904	2673
720	2291	1594	2310
2101	2100	2180	583
158	2099	1726	1287
158	2525	1137	707
1049	2536	2711	1406
1196	1727	152	1198
2460	2458	806	449
152	1991	132	1198
1602	1198	21	1727
528	1893	1349	2635
1349	643	2583	1350
1350	1293	1260	341
2119	391	1219	1896
1071	1932	537	1927
1230	621	1849	775
1580	25	1576	234
1247	2255	2639	2505
1446	1930	333	2020
754	2019	706	901
2317	384	705	2527
690	1139	708	1734
817	707	1734	2524
407	1139	1140	980
2456	712	1248	2458
1140	821	537	2458
710	2456	2454	2457
2550	2295	2292	1893
1246	2263	375	2589
1022	1136	2018	1024
640	945	2078	1206
2739	1227	790	1563
73	2181	2318	1398
2455	660	1396	0
2678	1392	687	1143
2266	1320	380	1596
2445	1098	804	2446
2447	2446	852	1096
1446	2261	1582	234
2006	1469	1988	475
1571	2390	942	1175
2580	1892	534	1996
2838	1584	2701	569
502	1993	1940	935
126	1503	510	2715
543	609	1987	2832
943	1075	543	485
2840	754	760	2823
1072	1931	819	1952
1148	326	98	529
2359	2492	1487	2054
641	1183	1233	2014
1942	1712	750	1838
853	231	122	149
2553	1335	447	1106
1975	824	1530	665
417	220	2850	1857
2421	2187	1766	1922
1787	2671	1784	1789
2409	2380	2354	2408
749	1624	408	1228
630	28	1351	501
835	1386	2429	345
1231	746	592	1235
738	752	1942	1669
2152	1941	1669	875
102	2742	750	1793
92	1346	1945	2170
733	2019	705	1495
805	101	1324	541
642	431	1317	2505
2126	1654	1465	2288
2648	265	4	1061
420	1994	355	432
1713	1024	2527	733
1022	2720	384	2840
537	1713	820	244
1691	2218	1199	1012
1508	1971	515	1907
2075	394	1866	1550
462	1673	1672	2743
2326	2560	1552	802
371	517	2478	2830
1188	1162	1422	2846
1881	1680	1886	2257
141	1502	1711	772
2825	771	2830	370
298	1088	1637	2103
43	1768	989	437
1230	1847	783	701
615	892	2682	1383
1384	1057	834	109
8	297	2331	2642
2614	949	305	2616
1417	1326	503	1325
1211	1411	2805	2714
516	1781	51	910
1186	896	775	1847
1416	1413	632	1190
222	1069	1735	2017
1105	1260	1551	2154
2033	1636	1170	1638
361	362	104	454
2442	2441	1128	2833
717	1887	1180	1999
825	657	425	828
2727	119	2686	618
940	1943	1883	2658
1702	1387	1177	2665
2514	641	1222	963
2659	2656	1882	2658
1367	531	1365	2350
1557	1956	1367	2339
2537	2284	1164	1221
14	529	215	264
2667	957	15	2723
2791	767	1081	1552
873	2313	2752	1368
838	1698	2446	722
1417	854	755	1418
2459	693	132	2460
555	1060	295	1946
1001	1312	837	2048
408	627	455	2611
1235	1272	1041	1183
2127	1251	30	2130
1950	1492	1760	1948
1722	1724	1619	1691
2314	2311	1066	1801
319	2164	2161	2163
1254	525	107	1067
1139	708	820	2527
1503	370	1501	212
191	476	679	734
1140	1138	762	817
711	980	2021	449
1800	1505	1507	1842
1498	1018	1448	853
2362	2141	741	2293
24	1099	1097	791
1547	165	200	2053
41	278	1423	1239
597	1842	791	846
2596	2624	1756	1379
448	1426	447	1106
832	914	498	208
834	349	831	1985
2081	596	628	2078
832	207	777	878
2538	748	2427	2283
1612	2132	2338	288
1321	323	808	2048
1698	804	2360	843
361	71	101	541
994	1116	843	1775
36	1954	101	71
2685	361	362	2729
1697	838	840	565
190	1783	0	167
2794	2324	2497	2631
828	1842	682	343
1842	2412	1475	1477
1524	2128	1636	2036
2389	2745	1738	863
2051	1060	1491	440
423	476	677	1971
343	231	723	1698
1805	739	823	457
1966	1244	1328	805
1313	1490	2597	2026
2532	192	2193	2690
1611	159	1055	2088
2076	2085	2070	2265
540	297	1562	306
189	2606	1766	2423
557	2258	2632	360
576	524	599	1693
179	961	1238	849
1751	1623	581	1331
1597	1713	2582	1115
2734	2569	59	2741
1165	1909	1678	2222
449	1540	553	1135
2460	2458	1138	2457
874	572	1469	0
2004	2686	2007	2219
2613	61	28	2609
899	664	1481	803
2681	1019	870	936
1292	751	1669	1838
440	432	1261	1340
444	2729	2613	1210
498	834	109	406
886	1851	882	131
533	226	532	1267
2672	1789	401	2507
1791	887	879	131
1742	260	1649	2347
2300	389	76	2206
2707	2057	390	997
1855	879	917	1784
882	1785	917	1787
2843	1873	1863	395
2238	2401	2402	2275
216	334	946	2844
1976	2821	1162	181
1056	948	776	2108
2027	11	1940	502
1598	1771	1332	964
1958	2522	174	308
783	1186	388	1696
1748	1106	2366	2361
1558	1436	2046	2109
664	873	2213	58
2376	2228	2368	1957
684	705	1085	2316
2518	2521	492	2367
458	377	147	2757
257	236	296	2756
4	1061	1308	2123
985	604	38	1821
1344	331	2670	49
1689	374	1718	1484
573	1581	2252	1181
782	2723	2561	2827
1320	367	185	1318
156	1491	556	2024
2037	2004	2131	2855
159	831	683	1536
1759	2715	1472	2042
2168	223	1279	1280
887	504	886	2671
1005	2507	357	2502
2676	1390	686	685
1021	1031	924	933
482	1171	1796	173
1031	2579	2246	1038
502	1415	2164	618
933	2705	920	2700
2839	2831	1585	2006
288	1604	378	1618
86	2620	1546	215
995	526	1135	1732
1430	1761	1030	1950
2544	2163	1039	2543
82	1637	2193	1636
1825	2269	2270	201
2689	1515	920	924
1900	1817	1103	1936
345	1826	43	729
2107	434	874	2161
1203	564	640	944
538	2775	1225	2773
2785	324	2498	2784
2256	1387	1925	793
2324	2325	2732	2629
1181	2210	1659	726
393	79	1075	732
629	601	937	1203
716	640	1042	601
412	1873	890	2844
275	1283	1394	1145
1768	26	892	1825
779	2614	352	2615
77	513	509	121
2239	166	1663	513
2238	655	2235	2398
1935	376	2403	88
2436	2212	2390	1555
629	1204	2059	603
1202	2789	1780	2196
801	2666	15	111
2564	446	400	194
1523	2563	974	1525
500	1185	1824	465
179	2751	1378	863
76	2301	2205	1338
795	114	1843	397
2404	1456	2032	894
657	338	991	425
2081	2080	1330	596
250	228	419	2398
608	1526	79	1824
2148	161	2147	1279
2531	1304	2246	1020
1834	281	20	148
2674	1345	2067	2673
1966	1244	549	621
96	11	959	578
138	2275	60	2274
2194	489	1245	275
682	658	343	1532
1043	2077	670	59
2343	2341	2102	2340
709	1540	2529	821
2689	2703	2686	2727
2624	134	2053	1242
2684	508	2624	2702
1617	434	2540	989
2189	2187	2428	906
2862	258	450	2858
1585	1583	437	2279
2618	381	246	307
1019	1146	774	984
201	2272	2089	2281
1099	665	965	657
2590	2264	1337	2592
1510	681	451	2555
1487	2360	2054	840
1492	928	526	553
2495	24	552	2360
885	1402	1518	313
1006	1296	1565	2516
340	2519	271	2002
1264	270	1918	1919
2052	1949	808	2493
1839	1835	21	676
2071	2073	1670	2070
2398	2400	1663	2577
285	49	918	1195
207	2338	998	2516
2130	2062	2060	661
1535	2333	2515	2517
2001	270	649	1910
1533	1199	667	46
102	348	1712	667
1712	46	763	472
167	2758	117	251
1998	1341	1723	184
2193	2191	1640	350
1391	105	660	2455
2103	2101	97	1542
1626	823	457	1815
874	2679	1583	989
1192	1276	2246	970
920	1038	1111	1109
2528	715	761	384
548	1394	582	1906
384	715	760	2527
272	1541	130	1545
1762	1480	1443	1760
2128	82	1108	2010
18	526	132	553
2579	1276	1306	1643
1443	929	1948	1442
48	922	1614	920
1492	1950	1482	553
2124	2626	2140	2229
1634	1333	1141	162
506	2521	83	1744
2353	558	1630	594
544	1548	12	1544
922	1191	614	1021
1990	2166	574	930
2193	1127	1638	2191
1630	810	1268	1629
1059	2778	945	1216
2071	2077	978	2138
2270	9	1302	206
2434	2437	1555	2208
1302	109	1384	221
140	1121	54	2089
1921	1339	1818	1822
175	691	1461	1556
1301	1810	1375	2771
1567	1565	1384	1566
232	467	2108	2859
1485	245	2127	2753
666	2079	1749	416
2088	857	464	256
1564	2122	892	2859
615	777	2270	1825
1303	498	1865	1302
1231	146	602	1042
193	807	850	1954
905	758	2537	1465
2770	1249	661	2768
1600	2095	1425	290
463	1867	1657	2092
89	106	1611	2650
1067	814	107	483
1254	816	1066	1298
1386	1960	1765	204
785	679	1155	1931
1821	2190	1938	369
700	1717	2021	2018
1511	1262	476	734
1582	1931	1929	1714
1889	2212	52	1131
2654	196	732	943
1821	1827	141	1711
652	1800	338	657
1499	2698	1472	2699
2284	1164	2423	481
2638	2636	244	1715
1686	1664	1646	802
518	1963	1858	459
2134	1907	424	562
1087	1475	1902	1769
1495	684	901	523
1730	183	1147	523
1084	2466	2557	2469
1548	1432	773	298
1778	564	598	2666
111	194	1187	563
2563	1992	1095	446
500	442	10	249
532	1456	1154	1253
1408	1409	155	490
446	229	2775	1091
1157	1975	1970	723
1099	825	425	552
722	2445	1186	1157
825	1816	1097	991
1362	2171	1677	2167
324	2785	647	2782
385	1665	1687	2249
2190	1823	1936	934
2326	1664	2330	2792
673	1265	1576	786
740	2747	830	897
2546	2542	209	1256
1544	2620	1027	1548
1111	16	1021	1256
639	2043	2045	1436
645	2689	1021	1109
258	269	2007	143
2487	2377	2484	1288
1675	1774	551	352
67	2823	865	2013
2494	840	2483	193
1901	1215	1118	2804
2319	2316	1117	1316
2014	1168	1490	1183
423	19	7	1262
1047	140	382	2272
2673	1506	1904	2468
2639	2637	2581	2634
1284	2179	1281	2175
1763	1142	1511	1899
1284	542	1543	2182
489	2532	1040	289
538	2094	2668	789
2639	2583	1260	2637
2778	1201	146	2775
234	1582	1714	1074
1369	2822	1184	2795
2433	1885	1578	2434
1147	1735	1952	191
868	928	2460	1731
2529	264	715	2021
690	1734	2343	405
1140	869	820	407
2529	707	709	817
709	711	820	1138
1396	1400	1401	1034
1125	2500	684	523
2393	720	1594	545
536	1231	596	1330
947	580	65	1285
232	2680	2679	989
1735	1134	1414	1086
326	735	1625	177
426	1992	311	1286
348	1549	374	1670
663	1334	2384	2354
1728	1601	1622	1605
1275	308	1773	1957
1253	1093	491	2301
1579	1069	1577	1158
7	72	1889	1582
1975	1096	2294	1098
2153	1885	1652	1155
1972	366	2797	169
1964	1403	1764	2803
1905	168	1173	2215
1380	769	891	273
96	2846	1449	1402
1079	799	2159	2160
1909	867	495	2215
1758	578	2787	118
2849	1188	1741	216
295	1119	663	1334
237	2688	2217	2705
214	497	787	127
2543	921	1258	252
2039	300	1496	546
2056	1161	2220	2798
2787	2786	578	2810
726	1659	651	0
344	465	1993	502
478	1887	1570	794
2364	1856	2391	456
2378	2204	2781	1770
790	1570	1563	1569
909	1887	1571	942
1408	2829	155	1187
535	737	1119	810
1449	1402	1132	1369
1415	409	960	1984
896	783	1328	1098
1471	111	1090	1182
1167	1807	1831	769
2771	2768	1522	2767
196	1708	635	784
614	575	1038	1306
2728	1796	1020	614
1542	1287	2102	477
1728	1234	1439	1622
1005	1277	2502	2657
14	1444	152	692
2826	607	2654	1575
695	1442	694	692
1010	1590	1484	763
250	2575	2509	2250
1130	559	2514	1223
607	956	487	1470
944	937	603	1206
2721	955	1779	1209
249	2059	473	1352
601	1208	716	1203
1354	1352	108	1351
1206	602	628	108
1204	608	2059	1413
877	10	6	2613
566	344	781	1525
1629	589	2685	1315
560	2199	2094	2262
1414	539	1952	1953
1493	1506	2173	1117
248	2405	1042	309
2028	2032	2015	1332
2503	112	2255	530
2634	2585	699	1927
25	1607	1446	2260
799	2159	2158	2418
22	1843	795	1425
1201	2774	22	2773
2833	2834	2262	1409
560	2094	938	2093
1315	1327	1268	2068
717	2739	2001	1859
1629	746	627	1628
1949	2380	1327	2409
701	300	1966	775
1144	536	1059	749
499	411	1269	413
2031	737	592	1235
1839	1194	80	1602
749	810	1629	1233
2168	2509	1280	410
2402	1834	591	223
1914	1874	863	1911
281	1831	827	137
488	673	1641	1265
1725	1722	472	1837
982	203	1481	2213
2183	2	2150	1791
973	854	1417	1967
976	277	549	1633
2263	714	1266	2082
1607	25	2581	703
244	1716	710	537
1062	2770	2063	2767
1300	274	185	2517
1604	811	1298	525
30	1254	1480	2129
1876	1093	330	1154
1252	816	483	1067
1299	1298	2311	1300
1107	1109	2545	2862
659	1319	1337	367
1415	409	1171	173
2545	2541	619	2544
1129	698	112	786
529	1930	876	387
1072	387	1120	7
2016	2029	404	2377
2002	1429	1000	2523
1105	1240	1578	1641
2142	1246	78	1587
1692	880	1773	227
594	1226	1041	663
1232	413	127	2535
364	368	2230	2755
1458	2323	1871	2320
810	593	1630	535
1490	535	2353	1336
2656	2657	2502	2575
1290	506	2029	1153
1020	2728	1029	2567
331	1195	2250	2509
129	2168	1323	410
916	1280	969	1323
1236	916	1279	419
2175	97	350	1124
192	275	1283	2115
947	1282	2177	315
2181	1126	2103	1124
1632	1145	162	1634
1149	1523	311	266
1193	1432	689	477
2026	1113	1455	2355
1776	1598	2015	29
1955	2486	1275	2377
1776	29	2095	2696
1514	875	1684	39
2501	112	698	341
2490	2377	404	2352
2399	2327	2328	2400
1311	998	2064	1385
2367	2520	2372	2366
2060	1255	1251	1067
2061	1301	1255	2202
1255	274	547	1250
1050	2203	1299	1566
109	1046	1044	1058
498	1058	1536	1539
970	2531	1614	1615
47	2114	630	1436
1029	521	2728	1191
2581	1576	1951	2637
480	1561	2160	905
414	533	226	1878
505	1574	284	1344
2132	2131	1296	2062
808	1949	1314	2068
1490	855	2023	1334
36	1312	1315	1322
36	1226	1212	1314
2318	1118	1398	2315
756	2505	1723	643
2590	911	185	1621
1603	1257	379	1618
721	2264	911	2590
1417	837	1325	1967
1314	254	1326	1325
1279	504	1278	410
193	755	1697	1419
1321	780	503	1322
101	780	1322	454
36	590	1226	1229
1186	388	1418	854
2669	2507	410	2671
1144	1750	966	595
593	1750	1623	864
1217	1598	2028	894
1034	1	620	1631
1168	1313	1151	2357
2382	1651	447	740
2513	1450	1273	2151
1619	1257	992	1529
962	2781	2205	2779
157	2279	2839	1048
876	2725	529	98
1894	1014	1896	1606
359	668	534	1892
2302	1864	2385	178
284	1833	1310	907
972	2674	2290	1392
753	2260	1647	1445
301	37	197	496
198	2831	1818	2839
359	697	696	534
672	698	697	1928
1353	747	1207	1355
1207	1354	1205	445
1355	445	1351	2043
1352	1207	603	632
1353	633	2045	1351
2660	2251	1665	1977
1692	1770	1846	1595
2783	64	648	324
2794	2631	1934	2156
599	242	2391	2499
651	478	479	320
2169	2172	2785	1100
143	2219	450	466
1648	2358	1652	653
1910	797	270	2363
2737	1569	479	651
1609	797	2391	798
2752	1379	803	2853
1132	1518	2810	1184
1962	2479	136	2799
2847	1858	518	1978
2303	1424	225	2096
2330	358	40	1674
213	1743	1679	2397
2863	2861	1050	2858
355	644	1446	2260
179	2662	2745	41
137	1911	961	2084
829	1368	2596	403
1807	2058	180	1162
2012	2514	1752	2512
1826	43	50	157
1568	1566	467	776
777	615	1046	1051
1296	1565	1810	2863
2536	748	1068	1464
794	1702	1704	940
432	2027	433	119
332	1460	1972	1969
2393	919	2461	2677
105	1016	1394	2461
720	2678	2475	1345
65	1849	162	1400
947	65	1391	1023
548	1849	23	1968
1141	719	0	2174
2822	412	313	1737
718	2180	1316	2173
2175	2179	1401	2174
660	1141	1393	65
580	1141	2192	1399
1163	1737	1184	997
2653	2655	1898	1160
409	442	1799	336
172	611	435	2633
691	2424	481	2536
2231	368	495	301
1182	1709	1409	1094
1224	1408	1094	53
194	2564	2723	1471
605	487	1780	781
1992	2113	629	500
1209	2718	784	1416
1495	1214	1147	1953
1185	1258	2163	923
1779	1413	784	2789
1244	805	780	1321
1419	323	805	1328
323	1418	1324	1697
2623	2344	2595	2619
120	1424	2299	2195
1831	96	769	2403
429	2621	827	41
1372	312	1421	2304
290	1222	1063	2379
600	830	1748	451
1956	386	135	2228
2747	2744	1917	2749
95	133	1918	1264
86	1485	215	929
2866	2867	233	2573
1088	1548	2530	1287
2645	2232	1612	2125
2111	2047	299	2044
2570	3	2868	2114
1110	1305	2046	898
342	2132	1604	2127
1443	1483	30	1762
1602	1194	1441	1728
1724	353	0	80
427	1443	483	1439
1602	1198	1030	18
1441	1438	1026	1030
333	391	2020	1196
1346	1607	103	2508
1376	724	704	1220
677	678	679	1652
823	1494	2466	1479
1163	578	1184	1758
641	2012	535	1336
2304	1454	2595	2346
1830	2534	2572	2573
2780	2204	2779	2378
312	1451	2206	2344
2355	2599	2487	1288
964	2404	1093	2301
372	1869	1660	2626
2323	1271	1655	2321
1985	2427	208	2269
294	1389	2480	1463
2226	175	1049	2224
2428	2422	38	1464
1972	1460	197	1979
1386	2146	38	1462
1654	757	1061	2648
1754	202	2717	1504
2719	5	34	1500
2136	428	263	1655
725	2006	870	0
1755	1202	487	2806
2723	1187	1410	2559
2697	915	1499	1078
2654	1759	1575	1755
568	2697	1519	2698
2466	1084	847	2470
1477	2392	2359	1939
1769	1476	847	2420
1908	2797	169	1905
1815	2466	2471	1448
1026	1762	1252	1903
873	1756	153	1242
1545	130	86	1032
1761	1753	1438	1762
348	2218	1199	908
2313	1430	1753	1053
2556	2392	2417	2051
736	994	2494	2359
1693	533	524	386
2557	2392	1769	2425
855	1313	1273	1119
850	2025	912	2005
812	1032	153	995
1904	267	1215	2173
1448	240	177	1763
90	1414	1085	754
1847	2039	1172	2294
17	2186	2084	45
1625	240	823	1626
1078	2837	2042	1472
126	1467	1826	1993
2837	2145	2802	818
2145	369	771	1938
35	2717	730	818
1940	1466	2716	118
2411	1804	822	2412
113	1122	424	1215
682	1804	822	1800
1971	764	678	653
382	54	1820	1922
681	993	19	2556
177	1072	1125	539
2146	115	2429	2268
2529	264	1546	282
431	1944	1292	2152
933	237	1615	1614
2282	1820	2281	1817
1709	2704	2707	2829
1369	313	522	997
126	510	1710	1474
1528	662	120	519
2079	248	2078	211
2202	2064	1189	2062
344	1286	11	959
2128	214	2688	848
1211	959	2786	2561
2059	968	500	249
2453	327	457	2475
2707	1520	1709	2057
659	1621	1337	1620
1970	2293	163	741
2041	2477	2480	1979
1850	327	1805	977
1590	314	1010	2077
2338	2515	354	2517
2515	1539	2334	1008
256	914	683	1303
2442	303	430	2439
406	2516	221	1720
1535	406	1303	1720
1731	980	868	1545
1025	272	153	1732
298	1193	1017	474
2530	2528	1126	2342
1547	165	1108	1037
1540	1546	1482	1025
1545	1513	927	282
1544	826	2035	2036
1432	1088	1108	1037
2691	1150	2070	2009
2565	765	1869	372
2154	673	2259	786
767	802	2762	1646
2394	1743	1662	381
461	2329	373	462
1045	2210	954	2434
481	2160	1561	1049
2350	2339	2375	798
2111	898	2044	2110
413	2531	2243	1830
1588	123	2625	2641
1308	480	1556	2224
262	859	251	540
2740	717	2736	1180
2863	1056	1568	2861
1051	1567	998	1385
1568	1301	1383	1051
1565	1051	221	2203
1564	2861	1383	1566
1366	2740	1180	1999
479	1572	1177	1180
2390	726	1181	1999
1570	479	401	2736
1574	2724	1695	1790
1310	505	2519	1573
1755	1197	2699	1473
702	1307	1105	1926
1578	1155	1579	1926
2433	1265	1133	1577
1577	52	1714	1155
702	488	673	2259
234	909	2212	351
1156	724	1131	1073
987	1585	1019	2006
2699	2832	728	568
1583	987	2278	925
2233	2645	2648	159
2139	1266	78	2082
123	1560	2126	2648
314	2232	1647	8
1533	2086	1718	1199
415	2086	288	2263
265	2090	2539	2647
2297	2312	2291	2310
239	1143	1813	687
2385	404	1846	1357
2591	721	380	2590
1932	67	865	2582
1289	1776	1332	894
2490	2385	404	2386
2095	1063	2379	2694
1152	493	1722	68
1234	1439	1442	695
659	1319	547	1801
1437	926	68	1251
68	1152	427	1801
1341	1723	668	1892
1220	1247	74	1445
247	2027	292	460
1367	531	2339	650
1675	439	1673	328
159	857	1065	2120
836	292	1433	349
2533	2535	620	422
48	1515	1031	1304
2727	2011	1304	1515
2243	2531	48	2579
2107	984	619	232
68	1319	926	1619
1618	1337	1691	813
2311	2314	353	1529
1529	659	1318	547
1194	353	2314	1152
1331	1630	864	595
536	746	1628	455
240	1498	1148	2182
2677	1498	1018	1904
2183	2185	2851	2150
1624	595	455	1228
1235	1228	1212	1041
1623	1272	1036	1041
585	1635	1333	277
1285	2194	1	585
279	1245	586	571
1285	2192	1034	1
1631	1792	620	571
787	1639	848	931
680	1640	773	931
1040	2191	577	787
2038	2033	1636	2036
1637	680	97	1015
2154	1240	1265	2211
383	2251	2578	188
33	422	521	1029
383	2663	62	646
1798	2663	453	92
2762	213	1552	1081
2664	1346	1589	92
2358	1364	2435	2383
402	2184	2751	883
1652	100	2358	675
2748	448	1335	2747
1650	1447	1158	1364
2744	2746	448	600
757	2120	1465	1676
1458	2135	263	1468
1657	1658	2642	2791
1064	302	1656	1871
1656	302	262	251
1175	478	2155	942
1870	1682	1869	1457
307	2396	263	1795
1553	246	1679	2253
1004	377	951	458
2792	1081	1104	2761
1102	2251	1356	2578
1945	2496	439	551
2793	1668	551	2497
1667	2793	2169	2506
70	875	751	750
1150	1003	2071	2734
252	574	2242	1688
2743	1793	766	59
766	462	325	1610
164	1373	358	2400
2162	1114	1610	579
1654	2650	2158	186
2167	1100	1683	2249
395	170	867	2222
1374	40	1662	2326
1883	1886	1700	770
2156	1933	1996	1928
302	1660	2072	2133
2785	1703	1677	2782
1934	1292	1944	2496
646	383	1794	2336
2792	1081	2754	2791
1102	1977	647	2782
171	2633	2166	1671
99	908	2589	2592
1712	46	1942	667
2691	763	1619	813
1267	1770	1357	2352
599	414	862	1488
95	2518	2002	600
2519	340	1573	94
1861	2048	388	896
1698	843	1324	1419
804	838	852	1697
2784	64	1701	69
2783	2782	1680	69
1881	1699	69	2733
1387	794	128	1943
1683	2784	2759	69
2257	2285	1387	1925
2197	2704	2706	2820
51	1780	2196	516
512	2601	2816	2714
2826	607	2789	1190
1408	2820	1528	1517
1937	1823	1519	198
1938	370	1076	771
738	1690	1011	1012
762	1932	760	865
1073	1131	1579	1926
2638	1080	2292	2635
2638	1248	1927	2449
2585	1071	1924	2020
908	2267	1590	2083
2085	415	2086	2646
1539	1538	221	91
2776	538	598	211
1724	1241	813	1601
1606	1014	1317	669
353	1440	813	1722
493	1835	1241	1997
272	689	477	405
695	1729	692	21
1439	1194	1152	1729
1728	1727	1835	493
183	1086	1733	515
1540	1732	1135	407
1541	1731	405	928
191	679	1730	1735
1137	707	708	407
1134	1147	785	1733
287	2621	519	429
1402	2847	2822	1397
1874	316	849	1872
2750	2662	346	2389
2625	2074	2143	2626
1167	316	1916	216
2184	278	883	2622
2663	392	1374	1553
2519	94	83	1035
2597	2345	2513	2598
2482	2481	2800	136
492	556	2373	2372
897	2361	2518	1426
581	1752	1054	139
1331	593	1330	581
2151	2012	864	139
2512	1381	1749	666
1483	1761	1485	2313
202	1466	371	1960
1575	1470	1473	2042
2752	1809	1481	829
35	2601	2717	2801
1449	1166	2795	459
2715	915	2699	1473
1761	1026	812	1809
1753	1483	929	1760
1480	1026	1438	1483
2471	2500	1494	1125
2652	1898	204	1160
2651	2652	1068	2477
2424	2421	743	860
2711	2653	2655	2424
948	774	2280	2680
1477	1489	2420	1084
1692	1179	1357	2385
2097	894	227	2029
1795	2741	2136	2432
386	1267	1153	2489
2395	305	1114	2162
840	565	2054	2493
1598	1289	2095	1291
2486	1955	2368	1959
15	446	1089	1782
1204	1416	603	2809
605	1706	1411	956
2196	2721	51	782
1778	629	564	2667
230	844	2835	190
131	886	2247	744
887	1791	504	129
2762	2331	392	213
2671	744	887	2669
32	2736	1789	2738
881	2670	1788	744
2118	32	1573	2724
882	1785	399	1243
1635	489	289	279
1672	328	70	752
2336	1685	40	63
1661	2286	1772	2432
253	1192	921	173
557	2731	2630	360
2663	1645	2395	550
2244	1404	2111	2110
1814	822	1507	1077
2314	814	1605	1603
2453	2290	1811	291
2700	2689	2703	16
2413	2406	1507	1505
231	853	343	1532
2704	2197	1808	313
1188	2849	1914	1380
2707	662	1806	2704
1756	2752	1760	2856
1050	2203	1385	2064
2067	1814	2413	1802
2474	1973	2362	2473
2312	2463	1594	239
2450	2067	1811	1800
1479	2465	1018	2468
2443	1975	1099	2444
934	520	1516	2831
1823	1048	1348	1822
2055	1872	316	412
1516	2268	1509	2188
1070	906	486	1076
2282	1048	1818	438
1103	1710	1818	1921
968	465	960	81
948	1985	1057	932
1921	935	1500	1382
1076	204	2803	371
148	2148	293	421
2851	1851	617	2183
1559	2567	2534	1452
1188	1422	1239	429
2765	180	1911	276
88	1344	331	399
281	971	223	1237
1002	1839	1729	1725
2549	1897	21	1991
1839	2587	80	1241
2586	1941	875	738
1835	1002	1234	1837
2694	2439	290	1864
2599	2600	2026	2597
822	847	846	828
1222	22	963	114
1890	2825	2817	2801
1853	1852	2183	1854
2584	2097	1357	1595
1968	1496	775	783
1970	2298	2294	546
1395	548	1393	701
2476	163	1532	327
1855	1829	879	2850
260	278	2	1845
260	1845	2185	2349
2349	1845	617	2593
2851	1851	886	2852
1178	1862	1859	2391
742	335	131	2247
1371	2846	1082	1981
1227	1856	2001	2364
2307	283	2852	2247
2048	1696	323	565
2735	1856	2499	2118
219	888	1913	395
1343	2694	2379	1840
2144	208	1058	2106
765	1869	235	1867
1064	463	1866	235
2075	428	373	2138
1866	1550	1457	1660
1660	302	2074	463
1271	87	1657	2133
1819	2055	1738	1873
946	1872	1912	888
1916	1912	1738	1238
205	2850	13	617
13	330	1253	220
205	2852	2305	2850
330	1879	1309	2308
1878	330	491	13
2621	287	2619	346
64	31	1701	770
320	1884	796	1883
793	1680	2658	1882
1882	320	398	128
1133	2153	1158	2435
1925	2783	1680	770
573	1181	1177	790
56	2252	2208	2258
1074	675	2436	1156
35	2000	1844	212
55	1997	472	2588
727	2580	1342	1606
584	1895	696	713
676	1341	2549	2580
1893	584	2580	2549
1341	528	699	2548
1836	2119	152	1991
2653	1764	1403	2422
183	515	476	1125
934	520	369	2190
2500	267	2319	1117
2467	1084	2420	2469
2856	2683	1480	2687
1626	1493	1122	686
1161	1478	169	1983
23	105	1023	2312
1083	2134	764	515
168	2221	151	1478
867	1165	2821	2848
1365	2364	649	1009
1832	1378	1238	1914
1874	1916	1873	1913
2058	276	1863	1912
1238	1807	1911	137
2760	2241	2236	180
1912	1874	1741	2849
2363	1428	2365	133
2388	1429	2363	1000
2388	2383	1000	649
2749	2746	2358	2748
2429	1826	1823	1048
1509	743	2438	2416
2269	140	2144	9
67	1717	2013	1951
1886	648	1704	940
1576	1577	1714	1929
1219	700	1716	2640
1681	672	534	1350
2017	1073	1926	2013
704	355	432	1261
734	1073	1069	222
2018	1597	1713	700
1934	1681	44	39
1933	1359	1684	471
11	420	1994	953
1937	934	2145	1103
1936	198	1710	2837
1070	1711	1502	2145
1476	2066	2552	2558
893	247	729	1504
1986	1942	751	1838
1941	1690	750	738
793	1702	128	2661
1514	471	1684	2496
753	2152	325	1666
2387	310	807	2005
71	2574	1954	440
18	1950	1030	812
1001	1229	1312	2409
812	1032	1948	929
2582	1924	2013	1307
1214	734	1134	222
1214	2823	2017	1414
295	1060	841	1947
1290	1777	2491	2030
1427	599	798	174
2485	2486	1153	900
506	94	895	2522
1777	2491	2369	2488
247	1754	2477	1068
2798	1979	1976	1965
1370	2836	1980	2041
2796	2842	1082	1981
2709	1160	2712	2710
2796	1980	1961	2041
854	973	144	1230
1244	388	1321	621
1847	2039	23	1395
2836	332	1983	1389
1848	231	1096	1530
764	1508	851	2382
1389	1463	1159	1983
656	2472	2362	1812
2448	2476	665	338
1096	1157	741	1816
891	2220	1961	1981
647	2658	1687	1356
2844	1371	518	2842
1961	1531	1463	181
2796	2798	1965	1962
1858	1976	1963	2842
2040	84	366	2797
1905	1969	1972	2798
172	1185	171	2165
1459	2283	1825	832
46	1941	103	55
609	435	731	243
50	475	725	572
2166	1990	435	2165
1989	1039	572	2161
1897	694	1836	2550
470	1412	1091	1149
1500	1176	729	2716
759	1935	460	2027
2865	2573	514	2864
669	727	2587	1681
1998	1891	676	1725
1997	55	184	1014
649	1571	790	1569
35	512	1890	2819
1009	650	1859	1227
1264	1694	999	72
2772	2769	2858	2771
913	2037	2008	871
1946	1491	2024	2069
1469	725	1583	925
2008	871	1112	143
2131	2004	2122	2007
374	99	2265	1549
1027	75	2620	2684
2690	1615	214	413
1381	1450	1751	593
1924	1951	1929	1115
2031	2015	737	1119
1217	311	2014	1289
2028	1263	2600	2026
222	1929	785	1953
67	1932	715	1071
754	90	2720	705
704	14	1444	1717
1071	14	821	1136
2356	2355	2370	2484
2384	2353	2598	1313
2381	2356	912	2005
2050	1491	2069	2374
855	2016	1841	1288
893	1994	1388	1608
1217	2029	1332	2016
1275	2028	1263	1771
156	1955	492	2521
2574	426	1233	2014
83	1217	964	176
1639	2038	787	2034
2217	2214	2033	2296
2038	1547	544	200
1547	848	2214	1639
2004	913	116	245
2033	1639	680	2035
1496	1968	1172	2297
1982	93	230	337
1531	136	1965	1962
915	1755	2819	1499
1110	2112	1353	2116
1558	299	637	1434
637	1110	1355	2046
1436	898	630	2045
1434	639	613	637
1696	1861	837	808
2408	310	2065	2410
2025	2051	2417	2066
2494	850	2050	1486
1001	555	2483	193
826	982	200	2296
2495	994	1775	736
1872	1819	124	2197
2845	2222	2841	1173
2200	1528	885	2201
1380	2849	1913	219
1526	1209	1205	955
661	1298	2202	1007
2203	1299	91	2064
1311	2063	1522	1007
2062	2131	2767	1249
2061	1522	1296	1810
2049	2066	2069	261
1939	2492	2065	2050
972	2411	1811	1814
1312	2409	1226	594
2065	261	2025	2005
2072	858	1549	1003
2083	1043	1670	1003
2568	372	1682	2070
2568	2138	1003	2569
463	1870	1740	2091
87	1868	765	2565
2083	2267	858	2265
1533	373	978	1043
833	716	1521	248
2405	1521	2080	1054
966	2081	581	2079
2080	966	595	833
2265	1246	1587	2591
1718	2076	2071	374
148	1378	1497	138
858	1719	372	2140
1591	1719	1590	2267
2088	2139	464	2289
2087	2142	857	1055
9	54	990	1047
1592	265	175	2227
2092	262	2074	2641
2643	2642	1064	2091
430	1225	2773	2442
1225	1213	1128	2441
1063	1600	1776	1291
2696	1372	2695	2777
227	1771	1846	2584
317	2303	560	29
282	2530	689	158
2315	2102	688	2101
1017	2181	688	2100
2100	979	405	1193
773	1284	97	1017
2525	674	2341	2524
4	2641	2123	2644
2607	683	208	1865
434	936	1617	2544
2682	2680	1052	892
2868	2864	898	2867
1799	2867	1558	2244
1799	639	1434	1558
639	2043	442	210
1412	470	602	10
1305	47	638	1435
2726	98	1282	192
2043	6	28	47
27	499	622	2562
1862	2739	1790	32
2295	2548	1897	699
2289	1654	2650	1611
2608	2604	2144	2607
2863	1056	269	2008
2105	905	480	2288
1033	2143	123	154
2233	1433	415	2646
2649	2229	1588	757
1053	1437	811	2130
82	1027	848	1524
2130	661	1252	2687
2127	1007	811	2129
913	1311	2063	2008
1437	342	836	1311
2566	1682	356	1871
1907	1083	2469	2471
1655	2323	307	2136
2137	1468	1772	2135
2569	428	2136	2566
2569	1868	2073	1043
2087	2142	1587	2140
238	1033	2085	2139
2309	2294	824	2298
2139	2088	1266	238
2626	2124	235	1740
1923	1865	9	2121
1502	1936	1938	1501
2429	1464	1512	604
45	2149	969	2150
2149	20	1828	969
2147	45	2148	2186
2147	1243	504	1627
1336	1751	558	2511
2508	1945	1514	751
1885	52	1158	675
1551	1641	786	557
2632	2209	1659	31
2730	341	1359	1681
2607	217	2418	2606
280	1676	66	1221
1221	1164	671	441
1164	2537	1308	1556
936	572	1990	815
2286	1774	1675	579
815	1415	2165	930
923	2540	815	43
2166	1989	1984	2163
1989	1039	2165	1688
1100	1677	2793	352
1278	2510	916	1236
2498	2170	1362	1668
753	2169	551	550
1100	2172	554	2614
550	1362	2171	255
685	1215	1398	1493
583	1399	1396	2464
1124	1399	1281	583
73	542	267	2319
2179	2182	1283	2461
2676	685	113	2462
2177	1124	1399	315
1398	2181	688	583
1284	718	2180	2101
1126	1625	326	2177
1243	1845	1829	1627
1649	2662	1742	2750
1627	1853	2349	17
2149	2	1497	20
985	2189	743	2188
520	604	1820	2187
2187	985	2655	2603
1070	604	1103	1900
1015	1040	1638	1
1634	580	1401	350
856	1040	931	1015
489	976	585	1632
2834	225	1421	2440
956	1781	1706	516
1705	1806	2055	124
2711	294	160	84
490	400	1213	563
229	317	329	2057
490	400	390	2057
1522	1299	2060	2768
1810	1301	1567	2061
178	1453	1179	2781
507	2207	962	1338
2346	1454	884	76
2205	507	2300	2779
1045	2211	56	1888
2258	2252	2210	2155
2252	942	1555	2209
2208	2434	1641	2258
954	1074	1581	2437
134	899	203	1242
2688	2036	2034	2296
168	1165	1161	151
508	2703	567	2700
1169	2034	497	2705
1484	348	763	2691
871	2703	1363	567
2848	2841	1173	1976
1908	2835	110	230
2056	1678	867	168
2647	2232	297	322
2227	2644	1561	1461
2226	117	195	540
496	1461	160	2225
2090	4	2224	2644
900	1427	2375	308
2126	2649	1033	2289
364	1270	2236	2401
1407	365	236	110
1433	2223	2664	1589
1586	2125	238	154
60	121	166	2237
166	952	2398	2274
1915	339	2401	2230
2766	2240	121	2234
889	952	2271	228
2240	655	951	166
2237	339	77	2239
2766	259	339	1915
2254	2351	521	1671
1559	1616	2535	422
2245	1799	299	2110
2633	2627	2244	2254
970	1020	922	2579
1857	1784	1860	2738
2499	2307	242	2735
554	1102	1677	63
62	188	1200	1277
1642	385	1665	1356
909	1888	2209	2210
2617	2394	1662	2618
2351	2242	233	2245
703	25	1218	530
2665	940	648	324
2285	1704	320	770
1888	2209	2211	861
1580	2503	2630	1551
1346	1376	1220	2498
644	724	573	271
1224	225	2441	1213
714	1246	1591	2267
2266	1320	992	367
2076	2082	858	2009
2264	721	2337	2589
2263	1718	2076	2086
1512	2273	2282	1820
1459	2272	1923	932
206	932	1057	1044
2276	2275	2274	2238
2269	2273	1121	990
115	2272	2268	382
2271	2235	975	2276
975	293	889	2271
2271	161	419	2274
421	138	45	161
437	1585	438	2280
1339	157	987	437
1768	201	436	2278
2282	438	1516	990
2268	1822	1516	2281
835	1985	349	26
2538	799	2426	1079
1704	2257	478	31
1795	461	462	2162
2650	2289	89	186
757	186	2123	2649
2287	2120	2087	2229
1802	2475	1345	2452
687	149	2312	1593
2454	1715	713	2449
2298	1530	824	656
2141	1496	1157	1848
713	2550	2449	2119
2214	2034	2702	2053
2309	2039	546	1593
2293	1848	2309	2141
286	1421	2595	2304
389	884	2207	2594
962	76	1154	1456
178	2584	1343	2696
29	312	2098	1372
1424	1451	2299	286
1877	2308	417	283
57	414	2307	2308
57	1860	2306	2248
2305	205	1878	2306
2141	2297	2298	2474
239	1593	2414	687
814	1620	1255	547
1813	1906	1593	2291
1485	803	2683	1753
814	1620	1801	1622
2340	2100	1316	2318
1118	2319	901	2317
2526	2342	2316	706
1316	73	2315	718
2316	1118	1901	2176
2791	2560	1271	2790
1458	182	2322	2560
2323	246	2790	2321
1271	1458	2135	2322
845	2506	530	941
941	2506	2784	2759
2790	767	1679	1104
2761	358	2330	1295
1295	377	2400	2330
8	92	1554	453
2327	1373	1104	2328
1786	2762	778	2332
306	322	297	2331
1008	380	2334	2337
1535	78	375	2333
375	2337	354	2515
1685	2578	1794	164
2335	375	2266	2333
1006	207	836	1534
798	1609	1557	2522
674	2315	979	2526
979	2343	2525	2104
2317	674	542	1543
2341	979	1137	2524
2621	2348	1420	1454
1745	2600	2379	2386
1451	2206	2594	142
883	2349	402	2622
278	2344	2593	2623
2347	1853	2185	1854
531	1557	2365	797
2242	2254	253	252
2490	1294	1692	2489
558	1036	1273	2023
2384	745	1151	2357
1455	2357	1288	2022
2022	2387	2024	2381
2387	2354	2355	1334
1364	1648	1650	1920
1487	597	1476	736
597	994	838	996
897	654	2373	1748
1812	1973	824	2451
1917	2388	1918	1365
1859	1178	1910	2740
133	2366	1917	2350
2365	2518	897	1297
2520	1297	492	902
2520	1777	2369	900
2368	1959	2371	2488
2488	2484	2022	2487
2369	556	2372	2381
2371	1747	1297	2373
2372	1747	2361	2374
2373	2025	2430	261
2522	1557	2228	2520
2489	2485	900	2488
1294	1113	1263	1290
1453	1179	507	226
2345	1425	1864	1600
555	1229	745	590
261	2356	2371	2024
1335	1971	570	681
1648	1919	2390	2436
2023	594	1151	2354
1770	1343	1595	1599
2600	2599	1599	2345
2357	2408	1946	2356
2749	1919	1918	2363
2745	849	527	1739
726	1571	954	2383
1178	1360	1856	1367
1489	1486	1476	2558
2676	1390	2463	1143
2618	2616	2253	1553
305	1774	550	1798
182	461	263	1661
646	1374	358	40
952	1004	2235	967
655	2755	377	1295
1295	1004	1674	2328
655	889	2236	2230
591	889	1237	228
591	953	1422	218
1456	964	532	227
1216	248	596	2079
1804	2413	2453	2465
2468	2465	2411	2467
310	2049	2387	745
1229	745	2068	1949
2493	2483	2049	2492
2413	1505	2067	2407
2470	2467	847	1505
2406	1804	1811	2411
2475	2310	2452	2474
115	2426	85	189
2606	2438	1922	2608
2558	1486	2050	2430
2157	1221	280	441
85	2438	189	2606
1769	1477	1902	2425
189	2428	1766	743
1462	2428	1898	2424
1079	481	441	860
2422	1766	1767	1406
2554	1489	2420	2552
2415	2427	217	2284
835	115	2426	1459
2422	1462	985	2421
2146	748	1921	1512
2552	2417	2374	654
2618	2616	579	2615
1795	579	1772	307
1133	52	2437	1578
1045	1133	2211	1555
675	2436	1648	1885
2435	1889	2383	954
2212	2433	351	1045
2605	2419	2416	1922
2695	2693	1537	1840
303	2195	2692	2693
789	2442	2094	2262
2441	789	2093	1537
2444	2447	552	1816
2445	2495	1816	2443
1098	722	565	2444
723	2447	804	722
2446	723	552	2443
652	2451	1974	2472
2456	1716	2292	2295
291	1814	652	2473
2448	652	665	2362
2473	2290	2674	2414
327	1527	2406	1802
2457	712	244	2292
2462	2464	719	1016
712	710	2449	2459
712	2454	869	2459
869	693	711	710
2456	806	2550	2457
693	869	1135	806
2464	1390	2177	1391
2463	2178	113	2455
105	2393	1813	2462
2455	685	2174	2461
2470	1815	2407	2406
1087	1475	1448	1479
2470	1902	2412	2407
1815	2407	1122	424
1087	2134	570	1902
2465	1475	2412	2467
562	1763	1479	2134
1973	2476	2448	291
291	2452	2450	1812
656	1812	2309	2414
1527	2290	2414	1392
163	1850	1974	2472
2482	1531	1960	1765
2830	2803	2479	768
2710	2478	2481	1370
1460	2708	1531	2836
1746	2482	517	2479
2481	1746	202	2477
2410	2493	2052	1116
1113	2491	2370	2022
2376	2489	1957	2486
1290	1777	1957	2485
1113	2490	1455	2370
1959	2370	2369	2376
2485	2376	1773	2352
2487	1294	1599	2352
1959	1955	156	2484
2494	736	2066	2410
2483	2410	1001	1775
1116	1487	2051	2492
24	996	2444	2054
1666	1944	1684	2497
1667	845	2496	2794
2169	939	2260	2506
1862	576	1360	2248
2804	1763	1142	1901
530	1293	642	2631
2509	1195	1274	918
112	1218	2259	2630
284	355	644	271
2508	703	1317	756
1668	2324	2325	2498
1329	2672	918	881
2152	1445	103	2505
1236	1277	1200	2502
2168	129	399	331
114	2513	558	2151
397	139	1752	1381
2511	114	1745	1336
1381	641	1201	795
1535	1534	1008	2335
1538	1006	998	91
91	1534	1250	1008
2366	1694	1748	902
1695	999	1744	1574
1297	2367	2368	2375
1035	506	2030	902
1958	2339	895	2375
531	650	270	1264
2104	2343	708	2526
690	158	2341	2104
674	2317	2340	2524
1024	817	760	706
1022	264	1543	326
1136	1513	980	1139
2099	282	1432	1543
1304	970	1616	1559
192	856	1127	411
499	1613	622	2572
33	1830	1452	422
1269	1613	2243	127
1406	2538	691	1386
2160	799	1061	265
2539	2284	835	2536
175	1592	2647	2538
2541	2164	984	319
2540	2542	1259	619
2546	2541	1107	2545
1171	575	574	930
319	930	2107	1259
2542	1259	1256	575
645	2547	1107	2542
2546	645	2686	618
584	2119	1896	2549
2548	1836	1894	1895
2295	713	2459	1991
681	2557	570	2554
2558	2430	1939	2425
654	2555	740	2554
2551	2425	570	2553
2553	654	451	993
1486	2557	387	1510
1489	2556	2551	1087
2392	2417	1939	2552
522	1471	2828	2564
2790	767	2320	2321
1525	2564	2788	910
468	2117	2571	514
959	311	329	1091
958	1410	2559	2561
356	2075	1550	2568
356	2133	2137	2568
1276	1830	2713	33
2565	2073	2072	2566
2138	2137	866	2073
2864	638	624	1435
623	2562	622	514
514	499	2533	1452
1995	2866	1452	1431
2685	1947	426	2031
2577	1200	2576	1274
2578	188	2660	2575
2575	250	1004	164
2336	1642	1665	2576
2246	1029	922	1616
1892	727	1895	1894
1123	2585	1307	1247
1597	1951	865	2636
1129	2639	697	2635
2781	2302	2097	1846
2581	1219	1717	391
669	55	1838	2588
1996	2588	1837	676
2586	2587	1891	472
2591	2266	1689	714
1320	992	1318	1596
2589	1596	2082	99
99	1689	992	2691
2348	389	1854	2623
2595	142	2346	2300
1451	1420	2299	2594
2854	1379	508	829
2598	1841	855	1745
2599	2023	1745	2597
2386	1841	1455	2598
2386	1841	2345	2016
1707	1757	2602	2716
2601	118	2814	2813
520	486	2189	2655
2121	2608	140	2605
2438	85	382	2604
2419	2416	860	2157
217	2157	2106	2121
2604	2121	54	2416
872	638	626	2611
626	2612	362	2729
61	809	501	2609
2610	626	589	627
61	872	1210	877
949	779	2171	2617
949	352	2431	2617
2431	2394	305	779
2614	2253	63	2615
2394	2431	988	2253
1880	2706	1420	346
58	927	2010	1108
1880	1736	1423	2344
1742	2623	2347	2750
2622	2348	2593	1420
403	982	983	829
1560	2649	2641	1740
1033	2143	1457	1740
2245	171	409	252
2733	2732	2629	2730
2794	941	2628	2759
1797	2503	2259	360
1359	2501	845	471
2733	2730	2155	861
1688	171	1405	2245
1123	1219	2635	2640
2583	696	1715	2634
1080	2640	2582	2637
1123	1129	1307	2636
1715	2640	1716	1080
2583	1129	703	1123
2634	2638	2636	1927
2105	1560	2625	2091
778	2092	262	1656
154	394	235	2092
540	2227	2224	2105
1586	2647	349	1433
394	2125	1719	314
1592	2645	2223	2539
758	1586	1465	1588
2229	2126	2625	2288
1676	2120	1065	2287
187	2708	2652	1765
1764	2651	2712	1765
187	1767	1898	1403
606	1075	1197	1473
1403	1767	2189	2603
796	2659	1274	2657
1195	2660	1274	2656
1977	793	1883	796
2656	796	357	285
2657	188	2576	1356
285	49	1943	321
1377	2184	1739	41
1645	1798	1743	1644
376	460	2232	1647
794	2256	573	644
2722	957	2668	1089
2721	2722	1782	801
2666	53	2833	1128
1787	2670	129	1329
1789	2672	907	2669
744	1787	917	1329
881	2670	2507	49
686	1122	972	2675
1345	972	2452	545
2676	545	113	2673
919	2393	2178	2675
1390	686	1626	2678
1392	720	457	2677
1146	1019	436	2681
436	2108	1768	1146
232	467	874	2679
2108	436	776	467
2753	2853	1903	2313
508	983	403	2010
2574	71	1212	842
792	871	981	2547
1903	2753	2129	2857
1169	1524	2214	2702
933	1803	1111	981
856	75	82	2011
2218	1549	1691	2592
2777	2780	2440	2693
2439	2695	2440	2692
1864	2696	1600	1840
2693	2439	225	2096
2096	1291	2302	2694
2715	1472	510	1474
198	569	1474	1078
1584	1575	1759	1078
1803	924	16	2216
569	728	34	568
983	2296	2688	2705
981	1803	2219	2216
1705	1806	1808	1517
924	1169	2217	2702
662	120	2619	1705
1528	1808	885	1517
2709	2480	2712	2651
294	187	2708	1964
2479	1964	2836	2712
1767	187	691	2198
1964	2710	2652	2708
2567	253	233	2866
1707	781	2807	2806
915	1759	2697	730
1993	2717	2601	1504
1757	1503	1466	2716
608	196	1413	605
5	1467	568	126
539	2019	761	2840
2809	2667	1204	1781
2809	2667	2666	564
1471	801	910	1410
1790	576	335	1573
75	119	1340	215
541	122	144	2115
1615	75	981	792
1192	253	1306	1276
877	444	2610	842
2632	2628	2156	2731
1797	557	341	2730
2628	2733	941	360
2732	2628	1701	2632
670	102	1670	866
1862	2738	2248	456
1788	1563	1572	2737
2740	456	1366	2736
2735	32	2247	1788
1227	717	340	2118
1563	2364	1569	2737
328	2743	1772	866
752	102	667	670
2741	328	766	1672
2749	1653	1428	95
849	2389	42	1377
1920	1653	100	2748
448	1428	1106	1651
2746	1651	653	1920
2744	1920	2388	1428
2184	1739	2622	402
961	1649	17	402
1809	1756	803	1368
2687	2683	1053	2855
1686	251	306	2758
2761	1270	2399	147
904	2758	296	2757
2792	147	903	2756
2756	363	1013	2754
2325	1703	2629	2793
2766	1915	60	2765
1664	213	2327	2755
2331	1786	1552	1646
364	224	273	37
2765	511	259	276
2760	1832	60	2764
259	2241	2237	2760
1249	2063	1189	2772
1189	2771	2202	1062
2003	2772	466	2770
1249	1062	2857	2769
2768	1189	1050	2003
2769	2003	143	2767
538	2093	1223	938
1223	559	416	211
938	1130	2776	1095
2778	2775	598	1721
286	2692	2096	2780
1130	309	2776	1042
142	1338	2207	1453
1453	178	2692	2777
1338	2584	1179	2204
1700	1101	1687	1683
64	1358	1886	1700
1703	939	2325	1699
1101	939	1362	1683
2808	1174	2788	1525
1174	1166	2812	2811
2828	2786	2561	2827
1708	956	2809	1416
2560	2326	2322	2320
802	2320	1656	1686
1664	1686	2757	1104
1668	1667	2167	2759
845	2629	1359	2497
459	1132	2811	1758
1980	1963	2799	1965
1982	332	1159	1478
1980	1173	1961	1983
2800	1370	2796	136
2824	2799	2815	1746
1844	2824	2814	1757
1501	2825	2819	212
141	1160	2478	1827
2500	562	1117	523
2807	516	781	2808
2807	1470	2818	2714
2805	2806	2816	2714
2827	2805	2812	2786
2722	2721	1779	2789
2828	1174	2811	1369
2810	2787	2812	2795
2811	2787	2808	2813
2812	2602	2816	2814
2813	2602	2801	2815
2814	118	2800	459
2813	1707	2807	2817
2816	512	2818	1844
2817	512	2806	2819
2818	2000	2042	2802
2834	1709	1705	120
2848	891	1909	219
518	1397	1132	1737
1953	2840	1115	733
2800	2830	517	2801
1844	772	212	2802
1708	1197	543	2832
2808	910	2788	2828
2559	2827	2810	2788
522	1517	1182	390
2478	772	768	2824
1817	1348	925	438
2826	1584	731	243
561	1224	789	2668
561	1224	2820	2195
170	2221	1783	509
1969	2710	2480	1962
1501	1937	510	1499
475	243	34	728
1348	925	1339	569
733	2720	2823	761
2220	2848	2056	2845
1981	2845	1963	1978
2844	888	219	2845
890	1978	946	2843
2842	2841	2056	2843
1858	2847	1163	769
1371	2846	334	1737
2841	2220	1909	2821
1167	1807	2058	1916
1875	1877	742	1851
1829	1855	1627	617
1877	205	1860	1855
2854	2683	1368	2856
2853	2596	125	2856
125	2857	913	2753
2853	1903	1809	2854
2855	125	2770	2687
269	1375	2003	986
2860	1052	1056	2861
209	2862	619	2859
1375	1564	1568	2859
2860	209	1256	986
2122	1564	1385	1375
2109	2868	2570	1995
2868	336	3	1995
1431	336	2573	2713
1431	336	2110	2109
2864	2109	1435	2865
