1 2868
1 2.120679e+01
2 1.349204e+01
3 3.081304e+00
4 1.187551e+00
5 3.201587e+00
6 1.565714e+01
7 5.897030e+01
8 2.016644e+02
9 5.253385e+01
10 1.394358e+01
11 1.048120e+03
12 4.500580e+01
13 5.145248e+01
14 1.247320e+01
15 1.651286e+00
16 8.126349e+01
17 6.670387e+01
18 3.982071e+02
19 1.601158e+01
20 3.283849e+00
21 2.914839e+01
22 2.312698e+02
23 8.188056e+01
24 5.001124e+00
25 7.112626e+01
26 1.790745e+02
27 5.574178e+00
28 1.775874e+00
29 1.143924e+01
30 3.330109e+00
31 3.530251e+01
32 1.216870e+00
33 4.089674e+01
34 9.638521e-01
35 1.181592e+00
36 5.874397e-01
37 2.201908e+01
38 1.526456e+01
39 4.844564e+01
40 8.534624e+01
41 2.134244e-01
42 1.538921e+00
43 1.219994e+01
44 4.257354e+00
45 6.732554e+01
46 3.256175e+00
47 6.157920e-01
48 6.054884e+01
49 5.973367e+00
50 1.174264e+00
51 9.493578e-01
52 4.085715e+00
53 2.958797e+01
54 5.382355e+01
55 3.970202e+00
56 8.940216e-01
57 9.099676e-01
58 6.730132e+00
59 9.784595e-01
60 6.069399e+01
61 6.844385e-01
62 5.491861e+00
63 1.004986e+02
64 1.527274e+00
65 1.167230e-01
66 4.968050e+01
67 9.908846e-01
68 9.052252e+00
69 4.465847e+01
70 5.475808e+01
71 7.744932e+01
72 8.828351e+01
73 9.285274e-01
74 5.243363e+01
75 9.140991e+01
76 2.291166e+00
77 3.888235e-01
78 4.325943e+01
79 1.897839e+01
80 3.007888e+03
81 1.919962e+01
82 1.906239e+01
83 3.738377e+01
84 3.415595e+02
85 2.944339e+00
86 3.697927e+01
87 9.385034e-01
88 8.750488e+01
89 4.234233e+01
90 9.423678e-01
91 8.233099e+01
92 1.105673e+02
93 2.689286e+02
94 7.317597e+00
95 2.788686e+00
96 1.490688e+02
97 2.574710e+01
98 7.016902e+01
99 4.253316e+01
100 3.681111e+00
101 1.989426e+01
102 5.327153e+01
103 3.728294e+01
104 3.424224e+00
105 3.195447e+00
106 4.628477e+01
107 1.008040e+00
108 6.369443e+01
109 4.596441e-01
110 1.190082e+00
111 5.224229e+01
112 4.197552e+00
113 1.425551e+02
114 1.939271e+02
115 2.106314e+01
116 1.158667e+02
117 3.305103e+01
118 3.417289e+00
119 5.524213e+02
120 4.057882e+01
121 2.742696e+01
122 3.674053e+01
123 6.635181e-01
124 6.825116e+01
125 1.014649e+02
126 1.146520e+00
127 5.852434e+01
128 7.864586e-01
129 5.217493e+00
130 1.222905e+00
131 5.922451e+00
132 3.820682e+01
133 7.989884e-02
134 1.222724e+00
135 4.044182e-01
136 9.638833e-02
137 1.335633e+00
138 6.477578e+01
139 7.302713e+00
140 1.294219e+00
141 3.653318e+01
142 2.825435e+01
143 3.254397e+00
144 2.769259e+00
145 2.682791e+01
146 1.261235e+01
147 3.607933e-01
148 2.655713e+00
149 7.219914e-02
150 2.119732e+01
151 4.619965e-01
152 1.580203e+00
153 4.569306e+01
154 4.972474e+00
155 1.217347e+00
156 2.730157e+00
157 1.007159e+00
158 3.145130e+00
159 4.314484e+00
160 2.505964e+01
161 4.242003e+01
162 1.580565e+01
163 8.076024e-03
164 4.544385e+01
165 1.549761e+00
166 5.385306e+01
167 3.043493e+03
168 2.083479e+01
169 2.025041e-01
170 4.714765e+02
171 1.403992e-01
172 1.321984e+00
173 1.287953e+01
174 8.053251e-01
175 1.915558e-01
176 1.272728e+02
177 5.501165e+01
178 3.491707e+01
179 3.559581e-01
180 1.347643e+00
181 4.354145e+01
182 2.912031e+00
183 2.307586e-01
184 2.071618e+01
185 3.827351e+01
186 6.129478e+01
187 4.036700e+01
188 1.340578e+00
189 1.383625e+00
190 5.360352e+01
191 1.009769e+00
192 2.077913e+01
193 6.700241e+00
194 4.641618e+00
195 2.714602e+00
196 6.848551e+00
197 2.258910e+00
198 4.277550e+01
199 4.687821e-01
200 5.262052e+01
201 7.536874e+01
202 1.654632e+00
203 4.320974e+01
204 1.192999e+01
205 5.793523e+01
206 8.281117e+01
207 5.432289e+00
208 4.188940e-01
209 1.626524e-01
210 7.723393e+00
211 1.679856e+01
212 6.906558e-01
213 1.165041e+01
214 6.065496e+00
215 6.755602e+01
216 1.455367e+00
217 1.506099e-01
218 1.497757e+02
219 6.504109e-01
220 3.410267e+00
221 5.257015e+01
222 3.465405e-01
223 1.658824e+01
224 9.460103e+01
225 1.202287e+00
226 4.765932e+02
227 3.544731e+00
228 3.640522e-01
229 3.854815e+01
230 1.573345e+01
231 4.003776e-01
232 3.752706e+01
233 4.030192e+01
234 4.104526e+01
235 2.488481e+00
236 1.971310e+00
237 3.486697e+00
238 4.099900e+00
239 2.008117e+00
240 1.866419e+01
241 1.562516e+00
242 6.261178e+02
243 2.229195e+02
244 4.514742e+01
245 1.177452e+02
246 4.354310e+01
247 4.540090e+02
248 6.911163e-02
249 1.179536e+01
250 5.240349e+01
251 3.824992e+02
252 1.137622e+00
253 2.442073e+00
254 6.624786e+01
255 6.383683e+00
256 5.333297e+01
257 1.104470e+00
258 9.891757e-01
259 2.843566e-01
260 2.517408e+00
261 8.226272e+01
262 4.740738e+01
263 1.113949e+00
264 1.849841e+02
265 7.311233e+00
266 1.038896e+03
267 3.455930e+00
268 1.190628e+02
269 3.533754e+00
270 2.155525e+00
271 3.791282e+02
272 4.897095e+01
273 1.091459e+02
274 7.483744e-01
275 6.723135e+00
276 3.647530e+01
277 3.149312e+01
278 7.151078e+00
279 1.375196e+00
280 4.236473e+01
281 2.224332e+01
282 5.704386e+00
283 1.306660e+00
284 5.213655e+02
285 2.339437e-01
286 3.109451e+01
287 4.524672e+00
288 2.484764e+01
289 3.265793e+00
290 9.527050e+00
291 1.938487e-03
292 6.915197e+02
293 1.046856e+00
294 4.511141e+01
295 8.668681e+00
296 1.273049e+01
297 2.071732e+01
298 6.594141e-01
299 4.411706e+01
300 3.756982e-01
301 9.046258e+00
302 4.810796e+02
303 3.012114e+03
304 5.600506e+01
305 2.679957e+00
306 2.792754e+00
307 4.260916e+01
308 1.195405e+00
309 2.841378e-01
310 2.179328e-01
311 4.798285e+02
312 1.754151e+01
313 5.009411e+01
314 1.241609e+02
315 6.958705e-01
316 1.005771e+00
317 1.419339e+02
318 3.522494e+00
319 8.983459e-01
320 3.250447e+02
321 7.966531e-01
322 2.397612e+01
323 3.339208e-01
324 5.109925e+00
325 9.334716e-01
326 7.152914e+01
327 1.242860e-02
328 7.244990e+01
329 7.524108e+01
330 1.897188e-01
331 1.747385e+01
332 3.204984e+01
333 9.378215e+01
334 2.179157e+00
335 6.568042e+00
336 1.269370e+00
337 7.457657e-02
338 6.909489e-03
339 3.108301e+00
340 2.730863e+01
341 6.954081e+01
342 8.351649e+01
343 4.619062e-02
344 1.365013e+02
345 2.325764e+02
346 4.696204e+01
347 1.481280e+02
348 4.104523e+01
349 1.242340e+02
350 2.204910e+01
351 1.508326e+01
352 8.322788e+01
353 1.632558e+02
354 2.079277e+01
355 1.978364e+03
356 2.210438e-01
357 4.123313e+01
358 1.683748e+00
359 7.956022e-01
360 1.205800e+00
361 2.152170e+01
362 2.062781e+00
363 1.511076e+00
364 6.939754e+00
365 5.121149e+00
366 6.347551e-01
367 1.357084e+00
368 9.159277e+00
369 3.186702e+01
370 1.336178e+00
371 3.187058e+00
372 2.842418e+01
373 2.077721e+01
374 9.041863e-01
375 5.182147e+00
376 4.817773e+02
377 4.844063e+01
378 8.895552e+00
379 4.647158e+00
380 7.208537e+01
381 3.443780e-01
382 2.261894e+00
383 7.470502e+00
384 7.664780e-01
385 1.122895e+00
386 5.303495e+01
387 7.465783e+01
388 1.414960e+01
389 8.031988e+01
390 1.007992e+00
391 4.065233e+01
392 3.326330e+01
393 9.427744e+00
394 6.231868e+00
395 1.347474e+02
396 9.424025e+00
397 1.055211e+01
398 3.870489e+01
399 5.026482e+01
400 1.288802e+01
401 5.022227e+01
402 4.542231e+01
403 8.564196e-01
404 1.794904e+00
405 5.908544e+02
406 1.628684e+00
407 4.154828e+01
408 5.546631e-01
409 1.155578e+01
410 4.131907e+01
411 1.171104e+01
412 5.520319e+01
413 2.332178e+00
414 6.821723e+02
415 2.755355e+01
416 1.555731e+01
417 3.921999e-01
418 3.973671e+01
419 5.919475e+01
420 3.035817e+03
421 2.163606e-01
422 5.449526e+02
423 1.031903e+01
424 2.543757e+02
425 1.233917e-02
426 2.847496e+02
427 2.728932e+00
428 2.327840e+00
429 2.284133e+01
430 2.651191e+02
431 3.505668e+00
432 1.589846e+03
433 1.767577e+02
434 3.006407e-01
435 3.841766e+01
436 5.353642e+01
437 1.985236e+00
438 4.628586e+01
439 5.667619e+01
440 1.838269e+02
441 6.575786e+01
442 3.223417e+01
443 1.330877e+00
444 1.360875e+01
445 1.242701e+00
446 7.221349e+00
447 1.450554e-02
448 7.206077e-01
449 1.221725e+00
450 6.861609e+01
451 1.211052e+00
452 1.539859e+00
453 6.776695e+01
454 2.304573e+00
455 5.261761e+01
456 4.785525e+02
457 4.505402e-01
458 2.414549e+02
459 9.879456e+01
460 1.734898e+03
461 1.685387e+01
462 1.820572e+00
463 6.681536e-02
464 4.465834e+01
465 6.583512e+01
466 7.093822e+01
467 4.680775e+02
468 3.169621e+00
469 2.281028e+00
470 1.295258e+02
471 2.005901e+00
472 3.843650e+01
473 7.896626e-01
474 4.105635e+01
475 4.556623e+01
476 6.692538e+00
477 3.537773e+01
478 2.641414e+01
479 3.068722e+01
480 4.980412e+01
481 4.541609e+01
482 1.242781e+00
483 3.615904e+01
484 2.411878e+00
485 1.548972e+00
486 3.049925e+01
487 1.930970e+00
488 5.396812e+00
489 8.439904e-01
490 1.528873e+00
491 4.042745e+01
492 3.014260e+00
493 4.765035e+00
494 1.426661e+00
495 5.773755e+00
496 6.700501e+00
497 9.257228e+01
498 8.268939e-01
499 5.891517e-01
500 1.469361e+02
501 6.137933e+01
502 4.589352e+02
503 4.092068e+01
504 8.886474e+01
505 1.782271e+02
506 1.860848e+01
507 5.187704e+01
508 6.652836e+01
509 2.717316e+01
510 1.666492e+00
511 3.112570e+01
512 8.258892e-01
513 3.276131e+01
514 4.862599e+01
515 5.991150e+01
516 4.300693e+01
517 9.083946e-01
518 8.140220e+01
519 4.010715e+01
520 5.700943e+02
521 5.104661e+02
522 7.168908e+01
523 6.361743e+01
524 9.569124e-01
525 2.322238e+00
526 1.873995e+02
527 4.399760e+01
528 5.450191e-01
529 5.689593e+02
530 3.425293e+01
531 9.498547e-01
532 7.312002e-01
533 3.396115e+01
534 3.327152e+01
535 1.818963e+00
536 8.274894e-01
537 3.832974e+00
538 2.970640e+01
539 2.959204e+00
540 5.155569e+01
541 1.865155e+01
542 4.431255e+00
543 4.533613e+01
544 4.221386e+01
545 2.566257e+00
546 4.213390e-02
547 2.470858e+01
548 1.164042e-01
549 4.205580e+01
550 2.417469e+01
551 5.846916e+01
552 2.608639e-02
553 6.327626e-01
554 2.034585e+00
555 3.853934e+00
556 1.590820e+00
557 5.707202e+01
558 1.891347e+02
559 1.353764e-01
560 4.036441e+00
561 3.012114e+03
562 4.439143e+01
563 1.858223e+00
564 4.535392e+01
565 1.621996e+01
566 7.428219e+00
567 9.703656e+01
568 7.832396e-01
569 2.578379e+01
570 3.568308e+01
571 4.862853e+01
572 8.398708e+01
573 2.229563e+01
574 7.191268e+02
575 7.369881e+01
576 2.511648e+00
577 3.526185e+01
578 1.039294e+01
579 5.491085e+01
580 3.506103e-01
581 1.017622e+01
582 3.315583e-01
583 2.616762e+02
584 8.872185e-02
585 7.835652e-01
586 8.774741e+01
587 6.886553e+01
588 6.445956e+01
589 6.533959e+01
590 2.861955e+00
591 6.442593e+01
592 1.315624e+01
593 1.539016e-01
594 5.386330e+02
595 2.057227e+01
596 1.567505e-01
597 6.374118e+00
598 3.293200e+01
599 4.104539e+01
600 1.260362e+01
601 1.501738e+00
602 3.118813e+00
603 9.075404e+01
604 1.612402e+00
605 1.841362e+00
606 2.976521e+00
607 5.828077e+01
608 1.886746e+01
609 1.067355e+00
610 6.089540e+01
611 6.841641e+01
612 4.182171e+01
613 8.026464e-01
614 4.145137e-01
615 9.180537e+01
616 1.412804e+00
617 7.117109e+01
618 4.234064e+01
619 3.023160e+01
620 5.654290e+02
621 3.598747e+01
622 3.801660e+01
623 9.087759e+01
624 9.119700e+01
625 7.323381e+01
626 8.745206e+01
627 4.667600e+01
628 5.550220e+01
629 4.376500e+00
630 7.712199e+01
631 1.695162e-01
632 4.571093e+01
633 5.089521e+01
634 4.177563e+01
635 5.075659e+01
636 4.430666e+01
637 4.545762e+01
638 8.408610e+01
639 1.698402e+00
640 3.651378e+01
641 4.515647e-01
642 1.067394e+01
643 8.080200e-01
644 2.464004e+02
645 2.955132e+00
646 1.861351e+00
647 6.604462e-01
648 3.352902e+00
649 5.929037e+01
650 8.907484e+00
651 3.057790e+03
652 9.821451e-01
653 6.830325e+02
654 4.684404e+01
655 3.492103e+00
656 3.576295e-03
657 2.710469e+00
658 1.527011e-02
659 6.240471e-01
660 1.109989e+02
661 5.882109e+01
662 3.057024e+00
663 1.496096e+00
664 3.644899e+00
665 2.029964e+00
666 8.166306e-02
667 1.038896e+00
668 9.598575e-01
669 6.190267e+01
670 8.273281e-01
671 5.669284e+01
672 7.161003e-01
673 2.435383e+00
674 9.070018e-01
675 1.940393e+00
676 3.745240e+01
677 9.933634e-01
678 6.415219e+01
679 6.005983e+01
680 3.359741e+01
681 1.024777e+00
682 2.440161e-02
683 4.639171e+01
684 4.355366e-01
685 6.232882e+00
686 9.896662e-02
687 8.585390e-03
688 2.283386e+02
689 1.855423e+00
690 1.136787e+00
691 3.554045e+01
692 1.444137e+00
693 5.843196e-01
694 4.144740e+01
695 2.927161e+01
696 4.141143e+01
697 3.803043e+01
698 8.640273e+01
699 4.346910e+00
700 6.563229e+00
701 1.811440e+01
702 1.323414e+01
703 1.547090e+01
704 5.063093e+01
705 3.629216e+01
706 4.008885e+01
707 1.236942e+00
708 4.479337e+01
709 1.057925e+00
710 5.040590e-01
711 2.432035e+00
712 8.180130e-02
713 7.622541e+01
714 6.517712e+00
715 3.697411e+00
716 4.425783e+01
717 3.215868e+00
718 1.090564e+00
719 3.004128e+03
720 1.215366e-02
721 1.017849e+00
722 5.202865e-02
723 6.837571e-02
724 2.800784e+01
725 1.439187e+02
726 2.655682e+02
727 5.986159e+01
728 2.666095e+01
729 1.683521e+02
730 1.610412e+00
731 3.194864e+01
732 3.210127e+00
733 4.027831e+01
734 4.338836e+00
735 4.548103e+01
736 2.832951e+01
737 5.155988e+00
738 4.194077e+01
739 8.527962e-01
740 4.024602e+01
741 1.744431e+00
742 3.177868e+00
743 4.990749e+01
744 6.092918e+01
745 3.725385e+01
746 1.099164e+00
747 5.894327e+01
748 6.296156e+01
749 2.850443e+00
750 3.870828e+01
751 4.185932e-01
752 4.465056e+01
753 3.490238e+01
754 3.883230e+01
755 1.265106e+01
756 7.201952e+00
757 9.774322e-01
758 9.828241e+00
759 3.559835e+03
760 6.018941e+01
761 9.082223e-01
762 6.456299e+01
763 2.867680e+01
764 5.965303e+02
765 1.963514e+00
766 2.919165e-01
767 1.425391e+00
768 3.741773e-01
769 6.127180e+01
770 2.830761e+01
771 4.683457e+01
772 4.376316e+01
773 1.216264e+00
774 6.863826e+00
775 1.635567e+01
776 5.181959e+01
777 1.839597e+00
778 2.514862e+01
779 1.665702e+00
780 9.830320e-01
781 1.365458e+00
782 5.423833e+01
783 1.728342e+02
784 5.571088e+01
785 4.825829e+01
786 6.896160e+01
787 7.667543e+01
788 5.679649e+00
789 1.363422e+01
790 4.783210e+00
791 4.263375e+00
792 1.343391e+02
793 4.215464e-01
794 9.919460e+00
795 1.089162e-01
796 4.858909e+02
797 4.136406e+01
798 3.857422e+01
799 5.393398e+00
800 1.312852e+02
801 4.882002e+01
802 2.494269e+00
803 2.373079e+00
804 2.148110e-01
805 4.099367e+00
806 4.057598e+01
807 7.958431e+00
808 4.143106e+02
809 6.114746e+01
810 1.826490e+00
811 1.094852e+01
812 4.489971e+01
813 1.287093e+02
814 3.566171e+01
815 1.273303e+00
816 6.573773e-01
817 6.537890e+01
818 1.083771e+00
819 1.967686e+00
820 4.204057e+01
821 5.061025e+00
822 3.857319e+00
823 1.584393e+00
824 1.629466e+00
825 3.318178e+00
826 3.518898e-01
827 9.880022e+00
828 7.298510e+00
829 4.405182e+01
830 9.866255e-01
831 2.225669e+00
832 1.814012e+01
833 2.527398e+01
834 8.366568e+00
835 6.477335e+01
836 1.212763e+02
837 2.752766e+01
838 1.312479e-01
839 1.185755e+02
840 9.937528e-01
841 7.409973e+00
842 1.408821e+01
843 4.744978e-01
844 3.043493e+03
845 1.417074e+00
846 1.358585e-03
847 1.054047e+01
848 7.107020e+00
849 3.891029e+01
850 1.618329e+01
851 3.494779e+00
852 8.881455e-02
853 3.856561e-01
854 1.321672e+00
855 1.445303e+00
856 1.147835e+01
857 1.126659e+00
858 5.588139e+01
859 1.738614e+00
860 5.055529e+01
861 3.302767e+01
862 7.715145e-01
863 4.209244e+01
864 2.014839e+01
865 4.374614e+01
866 4.322323e+01
867 1.313358e-01
868 1.300251e+00
869 4.549649e+01
870 3.033083e+03
871 1.141549e+01
872 1.990921e+00
873 3.494525e+00
874 3.071530e+02
875 5.966618e+01
876 9.216732e+02
877 6.032292e+00
878 2.732315e+00
879 2.547259e+00
880 3.865338e+01
881 6.563354e+01
882 3.117741e+00
883 9.665404e-01
884 6.749485e-01
885 3.694499e+00
886 6.995059e+01
887 2.571789e+00
888 7.630586e+02
889 5.924441e+00
890 1.509802e-02
891 1.060810e+01
892 2.282500e+00
893 6.743627e+02
894 3.105894e+01
895 2.056051e+00
896 2.029002e+02
897 7.601720e+01
898 4.463711e+01
899 5.394693e+00
900 5.079400e+01
901 4.272459e+01
902 2.002760e+00
903 3.550299e+01
904 6.607277e-01
905 7.649948e-01
906 2.748465e+00
907 3.514712e+00
908 2.114301e+00
909 4.444916e+00
910 7.863893e+01
911 7.645798e-01
912 1.644473e+00
913 1.814200e+01
914 1.009433e+00
915 1.613610e+00
916 3.348475e-01
917 7.563555e+01
918 5.003615e+01
919 4.080046e-02
920 5.341256e+01
921 7.851979e+00
922 3.350142e+01
923 5.902268e+01
924 1.073464e+02
925 3.544841e+02
926 1.063706e+01
927 1.438269e+02
928 4.717932e+02
929 1.917380e+00
930 2.446544e+01
931 2.379982e+00
932 3.746183e+00
933 1.282397e+00
934 3.609146e+01
935 4.869342e+01
936 2.812413e+01
937 5.203504e+01
938 8.465946e-01
939 1.435200e+01
940 4.062765e+00
941 2.304237e+00
942 3.083414e+01
943 8.473053e+00
944 9.710841e-01
945 4.124726e-01
946 4.604592e+01
947 1.345091e+00
948 7.789013e+00
949 1.259902e-01
950 3.402200e+01
951 4.206815e+01
952 1.598984e+00
953 6.372915e+02
954 4.815706e+01
955 4.295408e+00
956 7.931262e+01
957 4.821851e+01
958 9.647992e+00
959 1.910865e+02
960 1.976966e+02
961 6.072201e+01
962 1.177024e+00
963 1.258988e+01
964 2.370963e+00
965 5.639803e-03
966 5.621526e-02
967 6.593449e+01
968 6.506021e+01
969 6.086745e+01
970 1.382005e+00
971 2.069010e-01
972 3.570112e+00
973 9.297784e-02
974 2.022652e+02
975 6.893770e+01
976 2.567292e+00
977 2.470330e-02
978 6.651141e-01
979 4.658401e+01
980 8.423505e+00
981 5.401231e+00
982 5.553482e+01
983 6.779464e+01
984 1.027660e+00
985 3.988579e-01
986 7.315447e+01
987 5.137848e-02
988 5.543007e+01
989 1.807682e+00
990 6.539089e+01
991 2.352312e+00
992 3.060603e+01
993 6.022558e-01
994 2.095986e-01
995 3.419196e+01
996 6.378151e-03
997 1.068779e+00
998 3.122830e+00
999 9.917032e+01
1000 2.146895e+00
1001 6.597569e+01
1002 2.180276e+01
1003 3.775742e+01
1004 7.046354e+02
1005 1.044754e+00
1006 2.977162e+00
1007 1.227621e+00
1008 3.806571e+01
1009 1.594951e+00
1010 3.019545e+00
1011 3.635340e+01
1012 4.449030e+01
1013 3.643151e+02
1014 1.122257e+01
1015 5.003975e+01
1016 3.187193e+00
1017 3.947671e+01
1018 1.485399e+00
1019 2.712113e+01
1020 3.344660e+00
1021 4.786374e+01
1022 2.553491e+00
1023 1.049634e-01
1024 2.422961e-01
1025 4.910351e-01
1026 6.617059e+01
1027 2.415292e+00
1028 2.722883e+01
1029 3.828072e+01
1030 4.346704e+01
1031 4.125081e+01
1032 1.211549e+00
1033 5.868738e+01
1034 3.368593e+02
1035 2.662225e+01
1036 4.577430e+02
1037 6.758562e-01
1038 4.385439e+01
1039 3.687719e+02
1040 1.008198e-01
1041 6.493537e+01
1042 1.435833e+00
1043 2.325414e+00
1044 6.950396e+01
1045 1.339608e+00
1046 5.576509e+01
1047 1.353804e-01
1048 1.323854e+00
1049 3.577877e+01
1050 3.148206e+01
1051 4.572409e+01
1052 3.670146e+01
1053 1.216585e+01
1054 1.077878e+01
1055 3.396429e-01
1056 1.178217e+00
1057 2.989656e+00
1058 7.258296e+01
1059 5.939769e+00
1060 2.533462e+01
1061 5.373519e+00
1062 4.871156e+01
1063 2.279374e-01
1064 6.987081e-01
1065 4.551816e-01
1066 2.952146e+01
1067 2.636629e+01
1068 2.051127e+01
1069 4.597374e+01
1070 6.784928e-01
1071 1.693049e+01
1072 1.520297e+01
1073 2.164546e+00
1074 1.529957e+01
1075 6.434337e+00
1076 1.484673e+00
1077 1.992608e+00
1078 3.944543e+01
1079 5.572421e-01
1080 6.422327e+01
1081 2.457419e+00
1082 8.234795e+01
1083 5.502344e+02
1084 4.584685e-01
1085 4.653229e+01
1086 5.139913e+01
1087 1.562142e+00
1088 1.275958e-01
1089 2.628519e+01
1090 1.896184e+00
1091 1.534369e+01
1092 3.611262e+01
1093 2.603243e+00
1094 7.918982e-02
1095 2.198446e+01
1096 5.693575e-03
1097 5.176556e-03
1098 8.934487e+00
1099 2.118406e+00
1100 5.787499e-01
1101 1.152124e+00
1102 5.436079e+01
1103 6.758010e-01
1104 7.112966e+01
1105 7.176364e+01
1106 4.338209e+01
1107 1.163675e+00
1108 1.329237e+01
1109 7.082787e+01
1110 8.497907e-01
1111 5.976478e-01
1112 2.192422e+00
1113 1.576450e+00
1114 5.803943e+01
1115 4.717195e+01
1116 2.531743e+00
1117 5.086389e+01
1118 6.361992e+01
1119 1.295733e+01
1120 1.355771e+01
1121 1.049822e+00
1122 1.239058e+01
1123 1.548210e+00
1124 6.667066e-01
1125 4.442422e+00
1126 8.477070e+00
1127 4.073291e+00
1128 2.456901e+01
1129 9.069718e+01
1130 2.567703e+00
1131 2.100437e+01
1132 5.930207e+01
1133 7.933822e+01
1134 4.941821e-01
1135 4.060950e+01
1136 4.024749e+01
1137 3.614624e+01
1138 6.163546e+01
1139 1.917563e+00
1140 1.246898e-01
1141 1.770964e+02
1142 1.702766e+00
1143 1.124603e-02
1144 4.497050e-01
1145 7.392475e-01
1146 9.902759e-01
1147 4.808647e+01
1148 4.491093e+01
1149 3.042145e+02
1150 3.905634e+01
1151 3.713611e-01
1152 1.664012e+00
1153 1.634922e+00
1154 2.036265e+00
1155 7.196349e+01
1156 1.099012e+01
1157 5.728817e+00
1158 5.862270e+01
1159 2.915519e-01
1160 5.129508e+01
1161 1.540860e+01
1162 2.733022e+01
1163 1.166173e+01
1164 1.939218e+00
1165 1.026711e+00
1166 3.343542e+00
1167 2.007784e+00
1168 3.852401e+00
1169 1.553642e+00
1170 6.803364e+01
1171 2.358046e+00
1172 5.102074e-02
1173 4.792383e+01
1174 1.860845e+00
1175 3.057790e+03
1176 6.797298e+01
1177 2.486974e+00
1178 4.070743e+01
1179 3.288646e+01
1180 1.837241e+00
1181 2.040334e+00
1182 4.319072e+01
1183 4.914521e+00
1184 6.065645e-02
1185 2.638871e+01
1186 1.816722e+01
1187 4.917065e+01
1188 2.077178e+01
1189 1.135900e-01
1190 6.772908e+01
1191 5.406654e+01
1192 3.782216e+00
1193 3.491501e+01
1194 2.093855e+01
1195 7.581248e-01
1196 5.703163e-01
1197 4.970359e+01
1198 3.061717e+01
1199 1.465092e+00
1200 5.082379e+01
1201 2.170663e-01
1202 8.786281e+01
1203 6.616678e+01
1204 2.301941e+00
1205 1.555513e+00
1206 6.221999e+01
1207 5.227828e+01
1208 9.927440e+01
1209 3.571658e+00
1210 1.281835e+01
1211 6.146584e+00
1212 4.702420e+01
1213 3.625735e+00
1214 8.223852e-01
1215 2.439060e+01
1216 8.827003e-02
1217 9.344417e+01
1218 9.398259e+00
1219 6.027660e+00
1220 1.453983e+02
1221 1.232985e+00
1222 1.161957e+01
1223 1.447537e+01
1224 2.151795e+01
1225 7.624880e-01
1226 4.035800e+01
1227 9.380555e+00
1228 3.517738e+01
1229 9.511600e-01
1230 3.986265e-01
1231 1.798634e+00
1232 2.178593e+00
1233 6.623492e+00
1234 2.461923e+02
1235 1.966239e+00
1236 5.331111e+01
1237 2.263984e+01
1238 4.036102e+01
1239 1.975756e+01
1240 1.476873e+00
1241 1.745613e+01
1242 5.202291e+01
1243 6.246238e+00
1244 3.932777e-01
1245 6.777649e+01
1246 2.831450e+00
1247 4.807961e+01
1248 2.017332e+00
1249 3.612531e-01
1250 6.067782e+01
1251 7.929167e+00
1252 5.954500e+01
1253 8.475280e-01
1254 3.329920e+01
1255 8.193667e+02
1256 4.791880e+01
1257 1.776495e+00
1258 2.820201e+00
1259 3.632089e+01
1260 9.099254e+01
1261 5.261949e+02
1262 5.780557e+01
1263 8.745621e+00
1264 4.629162e+00
1265 6.736568e+01
1266 1.814362e+00
1267 4.755826e+01
1268 4.700959e+01
1269 3.050423e-01
1270 3.470872e+01
1271 6.263628e+01
1272 8.438508e-01
1273 6.640267e-01
1274 5.094192e+02
1275 1.208967e+01
1276 1.929119e+00
1277 2.502309e+00
1278 6.117239e-01
1279 6.771176e+01
1280 7.203645e+01
1281 1.834906e+01
1282 8.340237e+00
1283 1.447837e+00
1284 2.134386e+00
1285 3.528108e-01
1286 1.527536e+03
1287 9.466631e-01
1288 5.487706e-01
1289 2.785509e+01
1290 1.047540e+01
1291 3.369342e+00
1292 6.392642e+01
1293 2.464206e+00
1294 8.532805e-01
1295 1.301866e+00
1296 4.557056e+00
1297 6.791224e+01
1298 4.682969e+01
1299 7.074659e+02
1300 5.211825e+01
1301 6.458534e+02
1302 6.520607e+01
1303 1.007697e+02
1304 4.291475e+00
1305 1.113847e+00
1306 2.909014e+01
1307 8.210613e+01
1308 3.618129e-01
1309 5.779505e+02
1310 5.556764e+01
1311 1.269864e+01
1312 6.443437e+02
1313 1.941676e+00
1314 4.749774e+01
1315 4.190297e+01
1316 3.504790e+01
1317 3.891039e+00
1318 3.128239e+01
1319 2.612851e+00
1320 1.113048e+00
1321 3.913869e+01
1322 7.009564e+01
1323 4.440408e+01
1324 4.687327e+00
1325 6.632423e+01
1326 2.225153e+00
1327 1.491176e+00
1328 1.478173e-01
1329 5.746986e+01
1330 1.593114e-01
1331 1.435452e-01
1332 3.622358e+01
1333 3.607661e+02
1334 1.460757e+00
1335 5.011123e+01
1336 2.140099e-01
1337 2.616538e+01
1338 8.518674e-01
1339 1.564756e+00
1340 9.904017e+02
1341 3.027797e+00
1342 4.208167e-01
1343 4.772346e+01
1344 3.991834e+01
1345 6.059059e-03
1346 1.307696e+02
1347 1.762295e+01
1348 3.246505e+01
1349 3.684769e+01
1350 5.771405e+01
1351 4.541216e+01
1352 3.779151e-01
1353 5.718635e-01
1354 6.517966e+01
1355 4.742798e+01
1356 3.218867e+01
1357 6.608205e-01
1358 1.952711e+00
1359 7.234508e+01
1360 4.141501e+01
1361 3.108998e+02
1362 5.327497e+00
1363 1.407224e+00
1364 4.585409e+02
1365 7.402499e+01
1366 2.888091e+02
1367 3.848341e+01
1368 2.614113e+00
1369 8.193859e+01
1370 5.162780e+01
1371 1.280648e+00
1372 4.019310e+00
1373 7.377648e+01
1374 4.283524e+00
1375 5.688033e+01
1376 6.646459e+02
1377 1.547006e+00
1378 6.088478e+01
1379 6.670206e-01
1380 6.861537e+00
1381 3.145965e-02
1382 4.974583e+00
1383 4.046822e+02
1384 6.058931e+01
1385 9.400398e-01
1386 1.385260e+01
1387 4.970227e+00
1388 7.879191e+02
1389 6.015130e-01
1390 4.787833e-02
1391 2.406525e-04
1392 9.671625e-03
1393 1.133668e+01
1394 2.032586e-01
1395 6.929271e+00
1396 3.004128e+03
1397 5.735375e+01
1398 2.484830e+01
1399 1.124646e+01
1400 5.750173e+00
1401 9.637817e+00
1402 2.371434e+00
1403 6.467902e+01
1404 7.222917e+00
1405 5.347438e+01
1406 3.526967e+01
1407 8.722474e+00
1408 3.577041e+01
1409 3.431138e+01
1410 1.397780e+00
1411 5.450020e+00
1412 8.529903e+01
1413 8.591406e-01
1414 6.178068e+01
1415 1.889521e+01
1416 7.445361e+01
1417 7.973099e-01
1418 8.752158e-01
1419 3.421287e-01
1420 8.904018e+01
1421 5.067789e+01
1422 2.353828e+02
1423 2.318135e+00
1424 1.684262e+00
1425 1.335436e+01
1426 2.929450e+00
1427 5.467270e+01
1428 3.988919e+01
1429 1.975794e+00
1430 1.165101e+01
1431 4.313835e+01
1432 3.040333e+00
1433 3.152702e+02
1434 6.585372e-01
1435 1.166664e+00
1436 3.082116e-01
1437 2.039839e+01
1438 1.586825e+00
1439 3.554838e+01
1440 3.007888e+03
1441 5.880510e+01
1442 4.522495e+02
1443 5.966651e+01
1444 4.923823e+01
1445 2.589099e+01
1446 1.249633e+02
1447 7.409062e+01
1448 1.371381e+00
1449 3.874046e+00
1450 6.539459e-01
1451 1.335085e+00
1452 4.250141e+01
1453 4.150034e+02
1454 6.562660e+00
1455 6.499854e+01
1456 5.693691e+00
1457 3.263132e+01
1458 7.945119e-01
1459 5.447267e+00
1460 1.294626e+00
1461 4.365761e+01
1462 9.979946e-01
1463 1.424977e+00
1464 6.859237e+00
1465 1.469495e+00
1466 5.153249e+00
1467 9.846161e+00
1468 2.135383e+00
1469 3.033083e+03
1470 8.968472e+01
1471 6.280084e+01
1472 7.545070e-01
1473 1.147564e+00
1474 9.518921e-01
1475 1.459397e-01
1476 2.434767e+01
1477 1.619981e+01
1478 2.960910e+01
1479 2.429511e+00
1480 4.415911e+01
1481 7.897151e+01
1482 7.148172e+00
1483 1.081903e+00
1484 4.787645e-01
1485 2.037286e+01
1486 1.502813e+00
1487 1.846141e-01
1488 4.295037e+01
1489 7.428706e-01
1490 3.948967e+00
1491 4.256721e+00
1492 4.738411e+01
1493 2.583127e-01
1494 2.237952e+01
1495 4.164560e+01
1496 7.561565e+00
1497 6.666390e+01
1498 1.819093e+00
1499 5.815617e+01
1500 1.059155e+01
1501 4.857517e+01
1502 3.671269e+01
1503 3.025287e+00
1504 2.368088e+01
1505 5.512914e+00
1506 3.514038e+02
1507 4.342083e-03
1508 2.487594e+02
1509 3.718456e+01
1510 1.947443e+00
1511 2.017340e+01
1512 4.409222e+00
1513 7.974889e+01
1514 1.599968e+00
1515 5.791584e+00
1516 3.385681e+01
1517 5.056058e+01
1518 6.181269e+01
1519 2.206435e+00
1520 5.668669e+00
1521 1.915292e+01
1522 1.275595e+00
1523 1.150007e+03
1524 5.690677e+00
1525 5.813034e+00
1526 4.699077e+01
1527 1.158313e-01
1528 3.494432e+00
1529 2.155712e+01
1530 1.009563e-02
1531 8.658400e+00
1532 1.414064e-01
1533 1.757451e+01
1534 2.699205e+00
1535 4.328334e+01
1536 6.194720e+01
1537 2.017832e+02
1538 5.559532e-02
1539 7.826288e+01
1540 2.757421e+00
1541 4.771568e+01
1542 3.709853e+01
1543 5.615175e+00
1544 2.951889e+00
1545 4.489058e+00
1546 3.006116e+01
1547 1.190375e+00
1548 3.341085e+00
1549 6.082712e+02
1550 6.943369e-01
1551 1.523535e+00
1552 4.996549e-01
1553 1.576201e+00
1554 2.285575e+01
1555 5.656759e+01
1556 3.799431e+01
1557 6.410804e+01
1558 3.946132e+01
1559 1.411522e+00
1560 9.254495e-01
1561 4.254931e+01
1562 4.533387e+01
1563 1.307233e+00
1564 2.194016e-02
1565 3.282388e-01
1566 5.114015e+02
1567 4.099162e+01
1568 2.871184e+01
1569 3.278288e+01
1570 3.320762e-01
1571 3.409804e+01
1572 3.084558e+01
1573 1.182108e+01
1574 2.374993e+01
1575 5.585384e+01
1576 8.880524e+01
1577 6.602286e+01
1578 7.201583e+01
1579 1.403119e+00
1580 9.069589e+00
1581 2.029916e+01
1582 1.814524e+01
1583 3.077463e+01
1584 2.735940e+01
1585 3.595728e+01
1586 3.209837e+01
1587 7.655768e+01
1588 2.524445e+00
1589 4.237739e+02
1590 7.897454e+00
1591 2.292634e+01
1592 3.851979e+00
1593 2.627519e+00
1594 7.532036e-03
1595 2.069115e+00
1596 6.602822e+01
1597 6.564856e-01
1598 2.674808e+01
1599 5.084021e+01
1600 7.889432e-01
1601 3.141235e+00
1602 4.092666e+02
1603 9.055166e-01
1604 3.060109e+01
1605 4.700975e+00
1606 9.217983e-01
1607 2.181441e+02
1608 1.499703e+03
1609 1.464552e+00
1610 5.191252e+01
1611 7.435389e-01
1612 6.374152e+02
1613 7.292571e+02
1614 1.229171e+00
1615 2.763030e+01
1616 4.767254e+01
1617 2.985063e+01
1618 3.750439e+00
1619 2.730839e+01
1620 3.106048e+02
1621 2.963624e+01
1622 2.049544e+01
1623 2.521505e+01
1624 6.036263e-01
1625 6.118495e+00
1626 5.189733e-01
1627 8.029032e+01
1628 2.868933e+01
1629 5.556629e+01
1630 4.207558e+01
1631 2.736252e+01
1632 7.562444e-01
1633 6.685883e+01
1634 1.895494e+01
1635 3.438990e+01
1636 1.935249e+00
1637 1.072208e-01
1638 5.136943e+01
1639 6.521780e-01
1640 4.725767e+01
1641 6.310364e+01
1642 2.017376e+00
1643 5.281243e+02
1644 1.104921e+01
1645 3.278894e+01
1646 1.603838e+00
1647 3.333227e+02
1648 2.391457e+02
1649 3.789999e-01
1650 1.102024e+00
1651 4.148864e+01
1652 4.453446e+01
1653 2.983665e+00
1654 2.494066e+00
1655 1.223978e+00
1656 4.052663e+01
1657 3.106068e+01
1658 5.363137e+02
1659 3.097203e+02
1660 2.832221e+01
1661 7.508501e-01
1662 5.173892e+01
1663 5.828208e+02
1664 1.600028e+00
1665 3.967826e+01
1666 6.910620e+01
1667 6.436065e+01
1668 4.030603e-02
1669 6.588543e+01
1670 4.637656e+01
1671 3.146379e+01
1672 4.187099e-01
1673 1.064816e+00
1674 4.989305e+01
1675 6.188356e+01
1676 8.136406e-01
1677 1.001921e+02
1678 3.428385e+01
1679 6.912279e+01
1680 3.988309e+01
1681 9.533874e+02
1682 5.797339e+02
1683 6.089194e+01
1684 7.606112e+01
1685 1.150929e+00
1686 5.669066e+01
1687 3.827742e+01
1688 3.726533e+01
1689 7.133242e-01
1690 1.391312e+00
1691 3.105477e+02
1692 5.190438e+01
1693 4.877741e+01
1694 1.355081e+01
1695 4.590532e+01
1696 1.295392e+02
1697 7.614746e-01
1698 3.889470e-01
1699 1.145854e+00
1700 4.384437e+01
1701 6.847479e+01
1702 3.177160e-01
1703 5.630351e+01
1704 5.453973e-01
1705 5.374158e+02
1706 8.689740e-01
1707 1.167904e+00
1708 7.809546e+02
1709 2.911938e+01
1710 6.848868e-01
1711 1.293645e+00
1712 4.778403e+01
1713 9.682114e+01
1714 2.465125e+00
1715 7.814046e+01
1716 2.968322e+00
1717 6.337054e+00
1718 4.452193e+00
1719 6.006320e+00
1720 9.040893e+01
1721 4.340978e+01
1722 1.445313e+01
1723 5.205999e+00
1724 1.326323e+02
1725 9.297527e-01
1726 3.555943e+01
1727 7.579915e-01
1728 9.363030e-01
1729 1.599197e+00
1730 5.729043e+01
1731 4.161356e+01
1732 6.751981e+02
1733 3.981294e+01
1734 4.412241e+01
1735 4.195978e+01
1736 2.895138e+01
1737 1.020013e+00
1738 3.165780e+01
1739 4.102591e+01
1740 3.406393e+01
1741 2.254227e+00
1742 2.479756e+00
1743 1.388639e+01
1744 2.657480e+01
1745 2.551344e+01
1746 3.110677e-01
1747 3.897099e-01
1748 6.793088e-01
1749 5.364382e+00
1750 1.057953e-01
1751 1.641183e+01
1752 5.044413e-02
1753 2.337638e+00
1754 1.961177e+01
1755 6.313534e+01
1756 8.501197e+01
1757 2.375259e+00
1758 8.289342e-01
1759 1.518227e+00
1760 5.789599e+01
1761 2.265547e+00
1762 1.846844e-01
1763 7.825356e+00
1764 5.856001e-01
1765 1.097742e-01
1766 4.588033e+01
1767 7.028987e+02
1768 5.254085e+00
1769 2.397717e-01
1770 5.712054e+01
1771 7.817261e+00
1772 5.267798e+01
1773 5.060559e+01
1774 1.179275e+00
1775 3.465634e+01
1776 2.339903e+00
1777 9.499543e-01
1778 1.273890e+00
1779 7.714002e+01
1780 1.992950e+00
1781 4.630372e+01
1782 1.316877e+00
1783 2.048684e+02
1784 5.965103e+01
1785 4.990846e+00
1786 2.048491e+01
1787 9.431179e-01
1788 5.013092e+01
1789 6.100439e+01
1790 2.556332e+00
1791 2.118502e+01
1792 1.994111e+00
1793 4.967132e+01
1794 8.538435e+01
1795 3.661835e-01
1796 5.076131e+00
1797 2.973753e-01
1798 1.378363e+01
1799 1.471826e+00
1800 2.040950e+00
1801 8.504125e-01
1802 1.743867e-02
1803 2.252604e+00
1804 9.394720e-03
1805 2.170074e-01
1806 5.720502e+01
1807 8.132967e+00
1808 9.342115e-01
1809 6.601814e+01
1810 2.057579e-01
1811 6.602050e-03
1812 2.043799e+00
1813 1.698545e+00
1814 1.986867e+00
1815 3.520115e-01
1816 3.753130e+00
1817 4.968671e+02
1818 1.352946e+00
1819 4.657509e+01
1820 3.782847e+01
1821 1.240545e+00
1822 1.242520e+00
1823 2.289707e+00
1824 6.203280e+01
1825 8.146166e+00
1826 1.864340e+01
1827 3.151470e+00
1828 7.878722e-01
1829 1.080573e+00
1830 1.116422e-01
1831 5.873391e+01
1832 5.194999e+01
1833 6.837158e+01
1834 2.018281e+01
1835 1.105275e-01
1836 3.402125e+01
1837 2.503433e+02
1838 4.200147e+01
1839 1.780452e+01
1840 2.331467e+01
1841 1.295422e+00
1842 5.793210e+00
1843 9.275973e+01
1844 5.971590e+01
1845 2.342742e+00
1846 1.005124e+00
1847 1.619995e+02
1848 2.003359e-02
1849 1.234344e+01
1850 1.805612e-02
1851 2.706575e+00
1852 5.199084e+00
1853 1.159606e+00
1854 7.235361e+01
1855 7.887445e+01
1856 1.209480e+00
1857 6.089856e+00
1858 2.722499e+00
1859 1.690114e+00
1860 4.610665e+01
1861 1.309377e+01
1862 1.563349e+00
1863 5.379570e+01
1864 4.779703e+01
1865 4.616570e+01
1866 1.022346e+00
1867 6.062433e-01
1868 4.701014e+00
1869 4.149907e-01
1870 3.390386e+01
1871 5.381881e+01
1872 5.401877e+02
1873 5.639772e+02
1874 5.178374e+01
1875 5.886218e+01
1876 1.248437e+00
1877 5.749161e-01
1878 4.394336e+01
1879 5.138335e+01
1880 7.214998e-01
1881 4.458567e+01
1882 3.232649e+02
1883 3.441013e+01
1884 2.649383e+01
1885 6.532977e+01
1886 4.570683e-01
1887 8.739737e+00
1888 3.247335e+00
1889 4.307801e+00
1890 1.799666e+00
1891 1.341872e+00
1892 2.594998e-01
1893 7.461415e+01
1894 3.042032e+01
1895 3.400631e+01
1896 2.288665e+00
1897 1.115650e+00
1898 5.307036e-01
1899 1.545775e+00
1900 3.890773e+01
1901 1.572843e+00
1902 3.218526e+01
1903 4.752816e+01
1904 3.328921e-01
1905 1.533414e+01
1906 2.533377e+00
1907 2.953275e+02
1908 2.213093e+01
1909 6.806617e-01
1910 6.782727e+01
1911 6.213966e+01
1912 3.801368e+01
1913 5.648228e+01
1914 1.240383e+00
1915 1.674243e+00
1916 4.358716e-02
1917 4.682151e+01
1918 1.010010e+00
1919 4.747857e+01
1920 5.745073e+01
1921 2.666577e+00
1922 4.460436e+01
1923 6.294948e-01
1924 2.667890e-01
1925 1.325460e+00
1926 6.487236e+01
1927 4.831801e+00
1928 5.241641e+01
1929 5.594342e+01
1930 7.417271e+02
1931 1.484750e+00
1932 1.801119e+00
1933 5.468437e+01
1934 5.891832e+01
1935 3.921839e+03
1936 4.303923e+01
1937 4.934275e+01
1938 5.529368e-02
1939 4.961758e+01
1940 2.763903e+02
1941 1.401094e+00
1942 7.918876e-01
1943 3.063259e+00
1944 3.045217e-01
1945 2.050316e+00
1946 1.010983e+00
1947 2.168662e+02
1948 2.982397e+01
1949 4.598357e+01
1950 9.385003e-01
1951 5.557343e+01
1952 1.598832e+00
1953 4.385650e+01
1954 2.522702e+01
1955 5.235329e+00
1956 3.741039e+01
1957 1.159784e+00
1958 4.283812e+00
1959 3.207374e-01
1960 6.970906e+01
1961 1.950083e+00
1962 4.020412e+01
1963 7.237600e+01
1964 4.135498e+01
1965 9.505543e-01
1966 1.672839e+00
1967 1.854761e+01
1968 1.489677e+02
1969 3.140154e+01
1970 3.613187e-02
1971 6.741265e+01
1972 6.855558e-01
1973 4.782836e-05
1974 3.635350e-03
1975 3.698766e+00
1976 5.207627e+00
1977 3.284844e+01
1978 6.659479e+01
1979 9.893635e+00
1980 5.109931e+01
1981 1.325625e+00
1982 2.357587e+01
1983 2.731746e+01
1984 2.063578e+00
1985 2.768556e+01
1986 5.172919e+00
1987 3.436649e+01
1988 1.096574e+01
1989 2.289507e+01
1990 2.368720e+02
1991 5.526235e+01
1992 1.437211e+02
1993 4.718115e+01
1994 5.887591e+03
1995 4.016555e+01
1996 7.289721e+02
1997 1.973709e+00
1998 5.868713e+00
1999 5.655877e+01
2000 1.280966e+00
2001 2.340414e+00
2002 2.166730e+01
2003 6.780331e+01
2004 2.173221e+01
2005 1.831943e+00
2006 1.363150e+02
2007 4.200194e+00
2008 6.568363e+00
2009 4.344190e+01
2010 1.581371e+01
2011 2.526672e+01
2012 1.341788e-01
2013 4.764975e+01
2014 1.631735e+01
2015 3.414924e+01
2016 2.200556e+00
2017 5.588702e+01
2018 2.454529e+00
2019 3.771235e-01
2020 2.693298e+01
2021 2.018556e+01
2022 5.132578e+01
2023 5.860805e+01
2024 4.280314e-01
2025 1.132639e+00
2026 4.248705e+00
2027 3.351660e+03
2028 2.834822e+01
2029 1.595857e+01
2030 1.150536e+01
2031 2.094725e+01
2032 1.836630e+01
2033 8.325952e+01
2034 7.089987e+01
2035 4.502634e+01
2036 2.693117e+00
2037 7.231353e-01
2038 5.018315e+01
2039 6.198058e+00
2040 1.660252e+01
2041 8.545887e-01
2042 5.939829e+01
2043 2.920242e+00
2044 4.295472e+01
2045 4.882746e+01
2046 6.438865e+01
2047 1.006917e+00
2048 2.169311e+02
2049 6.719109e+01
2050 1.385910e+00
2051 2.647542e+00
2052 2.274058e+00
2053 8.611055e+01
2054 1.910338e+01
2055 3.058243e+02
2056 4.485067e+01
2057 8.233562e+00
2058 1.572117e+00
2059 7.392334e+00
2060 6.827099e+01
2061 4.774028e+01
2062 3.734084e+00
2063 1.288456e+00
2064 1.371810e+00
2065 5.648744e+01
2066 5.987106e+01
2067 3.667417e+00
2068 4.455903e+02
2069 3.726638e-01
2070 5.447932e+02
2071 6.093718e-01
2072 5.589782e+02
2073 3.824285e+01
2074 3.426499e+01
2075 1.973543e+00
2076 3.143507e-01
2077 3.976603e+00
2078 3.253593e+01
2079 1.093386e+01
2080 1.126982e+01
2081 2.242196e+01
2082 8.162158e+01
2083 1.955279e+00
2084 5.482470e+01
2085 3.507727e+01
2086 1.060774e+01
2087 4.120656e+01
2088 9.947619e-01
2089 5.744522e+01
2090 1.553194e+00
2091 4.218116e+01
2092 1.445824e+00
2093 1.619810e+01
2094 9.513696e-01
2095 1.511963e-01
2096 1.807759e+00
2097 3.404388e+00
2098 1.599138e+01
2099 1.494107e+00
2100 3.415722e+02
2101 2.512189e+01
2102 8.460955e+02
2103 2.288834e-01
2104 9.338904e-01
2105 5.772349e+01
2106 4.133828e+01
2107 3.323592e+01
2108 1.646161e+00
2109 4.813512e+01
2110 4.152151e+01
2111 1.065589e+00
2112 1.089967e+01
2113 4.565462e+01
2114 1.708235e+00
2115 4.054210e+01
2116 3.173544e+00
2117 1.086488e+00
2118 5.783379e+00
2119 3.113852e+00
2120 1.506237e+00
2121 4.032107e+01
2122 3.592267e+00
2123 3.976585e+01
2124 1.235544e+00
2125 1.826101e+02
2126 4.516105e-01
2127 4.553286e+00
2128 4.428224e+00
2129 6.208995e+01
2130 2.840305e+00
2131 8.498444e+00
2132 1.160059e+02
2133 5.068495e+01
2134 5.704377e+01
2135 5.138025e+01
2136 5.096965e+01
2137 5.397801e+01
2138 7.983940e-01
2139 7.563609e+01
2140 4.431619e+01
2141 3.110914e+00
2142 1.862917e+00
2143 5.741121e-01
2144 4.754393e+01
2145 4.939115e+01
2146 4.185258e+00
2147 9.570005e+01
2148 1.177992e+00
2149 3.037199e-01
2150 9.556062e+01
2151 2.042183e+01
2152 3.834184e+00
2153 7.450385e-01
2154 6.511670e+01
2155 5.919973e+02
2156 8.153030e+02
2157 9.572256e+01
2158 5.509496e-01
2159 3.345827e-01
2160 9.336891e-01
2161 1.774987e+01
2162 4.973990e-01
2163 1.037083e+00
2164 3.412996e+00
2165 4.631554e-01
2166 2.270096e+01
2167 8.653111e+01
2168 1.363820e+00
2169 9.309221e+00
2170 1.075792e+01
2171 5.579463e+00
2172 1.747287e+01
2173 1.734935e+01
2174 1.038348e+02
2175 1.694345e+01
2176 1.870130e+00
2177 1.127039e+00
2178 4.481144e+00
2179 4.864758e-01
2180 2.739224e+01
2181 1.189195e+00
2182 1.206694e+01
2183 2.293149e+00
2184 1.728135e+00
2185 9.066695e+01
2186 1.898697e+00
2187 4.827822e+01
2188 3.240367e+01
2189 3.755323e+01
2190 1.142384e+00
2191 5.541330e+01
2192 1.827466e+01
2193 1.138595e+00
2194 8.601847e-02
2195 2.330062e+01
2196 3.559264e+01
2197 5.888776e+02
2198 3.229779e+02
2199 3.529129e+00
2200 5.479922e+01
2201 2.291263e+00
2202 4.461201e+01
2203 3.151120e+01
2204 2.549114e+01
2205 3.628458e-01
2206 2.649730e+00
2207 4.677411e+01
2208 3.013318e+00
2209 5.296754e+01
2210 4.223655e+01
2211 7.044449e+01
2212 9.386789e+00
2213 6.825116e-01
2214 7.085093e-01
2215 1.761250e-01
2216 9.489115e+01
2217 6.910016e+01
2218 3.298182e+01
2219 3.379751e+00
2220 1.433637e+00
2221 2.359653e+01
2222 2.300455e+01
2223 2.209928e+01
2224 3.314909e+01
2225 5.169863e+01
2226 5.479689e+01
2227 1.234153e-01
2228 5.620370e+01
2229 4.459706e+01
2230 1.545475e+01
2231 6.578275e+00
2232 6.261823e+02
2233 2.698530e+01
2234 3.009155e+01
2235 7.536840e+01
2236 7.426837e+00
2237 3.391151e-01
2238 3.120986e+00
2239 2.654988e-01
2240 1.231877e+00
2241 4.819544e-01
2242 3.306015e+01
2243 4.918672e+01
2244 5.448949e+01
2245 6.279702e+01
2246 4.543502e-01
2247 5.708851e+01
2248 4.020723e+01
2249 8.847740e+01
2250 2.297738e+00
2251 5.509249e-01
2252 1.760058e+00
2253 5.571575e+01
2254 4.909280e+01
2255 1.524050e+01
2256 7.388100e+00
2257 2.564217e+01
2258 6.457192e+01
2259 5.664263e+00
2260 3.191838e+02
2261 1.850804e+02
2262 1.147308e+00
2263 1.064976e+01
2264 2.335119e+00
2265 5.903429e+01
2266 4.008965e+00
2267 5.042285e+00
2268 1.380164e+00
2269 3.247137e+00
2270 1.407315e+00
2271 1.267736e+00
2272 3.913906e+00
2273 6.656476e+00
2274 7.389606e+01
2275 2.374628e+00
2276 5.921154e+01
2277 4.532592e+01
2278 4.553742e+01
2279 1.275916e+00
2280 6.583672e+01
2281 5.773440e+01
2282 3.637994e-01
2283 1.648545e+02
2284 2.163265e+00
2285 2.468624e+01
2286 1.979862e+00
2287 4.709772e+01
2288 4.958388e+01
2289 4.458672e+01
2290 8.870058e-03
2291 7.284522e-03
2292 5.258184e+01
2293 4.504876e-03
2294 5.175617e+00
2295 4.055829e-01
2296 6.451510e+01
2297 4.134765e+00
2298 6.087312e-03
2299 3.704187e+01
2300 5.491752e+01
2301 5.691419e+00
2302 1.363037e+00
2303 3.896366e+01
2304 6.906980e-01
2305 1.259207e+00
2306 4.331052e+01
2307 4.994002e+01
2308 4.516857e+01
2309 2.803097e+00
2310 1.763143e+00
2311 3.572629e+02
2312 2.019228e+00
2313 3.578320e+00
2314 2.430123e+01
2315 3.263479e+01
2316 4.026987e+01
2317 4.037899e+01
2318 1.049055e+00
2319 5.913779e-01
2320 4.459719e+01
2321 9.939387e-01
2322 4.159382e+01
2323 6.211229e+01
2324 5.863847e+00
2325 3.020407e+00
2326 5.390658e+01
2327 2.515857e+00
2328 4.569378e+01
2329 9.698019e+01
2330 6.129991e+01
2331 3.054695e+00
2332 3.331428e+01
2333 3.987830e+01
2334 4.661259e+01
2335 3.006041e+00
2336 8.017818e+01
2337 2.558810e+00
2338 9.729237e+00
2339 9.342499e-01
2340 3.440680e+01
2341 4.003912e-01
2342 1.231398e+00
2343 3.336528e+01
2344 4.722213e+00
2345 2.949466e+01
2346 6.603285e-01
2347 4.418978e+01
2348 1.880656e+00
2349 9.692219e+01
2350 4.847842e+01
2351 1.016350e-01
2352 7.231505e+01
2353 2.600657e+01
2354 6.364495e+01
2355 6.200048e+01
2356 5.976461e+01
2357 6.036463e+01
2358 4.186851e+01
2359 1.716029e+01
2360 4.947325e-02
2361 8.184676e+01
2362 1.802575e+00
2363 3.794876e+01
2364 5.574258e+01
2365 6.316081e+01
2366 5.251350e+01
2367 1.186733e-02
2368 4.928036e+01
2369 6.427747e+01
2370 6.216494e+01
2371 6.933272e+01
2372 8.358978e+01
2373 9.671456e+01
2374 5.694908e+01
2375 5.002437e+01
2376 5.075638e+01
2377 5.379339e+00
2378 4.448067e+02
2379 3.389777e+01
2380 1.763754e+00
2381 8.331667e+01
2382 3.998187e+01
2383 6.378837e+02
2384 6.714554e+01
2385 5.447492e+01
2386 3.939074e+01
2387 4.636442e+01
2388 4.633853e+01
2389 3.882695e+01
2390 2.633279e+02
2391 4.266853e+01
2392 5.840467e-01
2393 3.011646e-02
2394 1.040150e+00
2395 4.150170e+00
2396 3.968439e+00
2397 2.424342e+00
2398 4.359546e+01
2399 2.742167e+00
2400 4.322036e+01
2401 1.139887e+01
2402 6.957804e+00
2403 4.675351e+02
2404 4.118950e+00
2405 1.523383e-01
2406 4.750359e-02
2407 1.154027e+01
2408 4.622949e+01
2409 3.687915e+01
2410 6.610831e+01
2411 5.989074e+00
2412 1.021050e+01
2413 1.155204e-02
2414 1.660440e+00
2415 4.256776e+00
2416 5.318178e+01
2417 6.548693e-01
2418 5.712368e+01
2419 1.143065e+00
2420 2.269217e+01
2421 8.930149e-01
2422 1.187617e+00
2423 5.629984e+01
2424 4.026230e+01
2425 3.865014e+01
2426 2.442877e+00
2427 1.404463e+01
2428 2.187558e+00
2429 3.020019e+01
2430 5.364003e+01
2431 5.093494e+01
2432 4.925052e+01
2433 2.256566e+00
2434 7.962659e+01
2435 4.320931e+01
2436 5.543394e+01
2437 5.878396e+00
2438 4.357348e-01
2439 1.960761e+01
2440 2.612510e+02
2441 3.004012e-01
2442 1.109375e+01
2443 1.193468e-02
2444 6.568489e+00
2445 9.629211e+00
2446 7.905269e-02
2447 6.161705e-03
2448 1.065656e-03
2449 1.058178e+00
2450 1.931179e+00
2451 1.251831e+00
2452 2.487554e+00
2453 7.975731e-02
2454 4.302050e+01
2455 8.767685e+01
2456 6.484213e-01
2457 4.249213e+01
2458 1.290999e+00
2459 3.641911e+01
2460 4.080161e+01
2461 6.141763e-02
2462 8.968368e+01
2463 2.328858e+00
2464 2.902001e+00
2465 1.545404e-01
2466 2.329681e-01
2467 2.241925e+01
2468 2.433648e+01
2469 3.637320e+01
2470 2.167214e-02
2471 1.109126e+00
2472 3.642094e-03
2473 2.435698e+00
2474 1.636625e+00
2475 1.588461e-02
2476 1.265558e-02
2477 8.501094e+00
2478 3.711326e+01
2479 4.278981e+01
2480 2.129863e+00
2481 9.408699e-01
2482 1.666834e+00
2483 6.860867e-01
2484 9.041140e-01
2485 4.856305e-01
2486 6.374834e-01
2487 5.741157e+01
2488 7.377719e+01
2489 6.317785e+01
2490 7.536622e+01
2491 2.271314e+00
2492 4.739120e+01
2493 7.299121e+01
2494 7.385821e-01
2495 9.606644e+00
2496 7.109759e+01
2497 5.227621e+01
2498 3.530902e+01
2499 8.094048e-01
2500 3.004500e+00
2501 1.054862e+01
2502 3.481572e+01
2503 6.019951e+00
2504 4.840305e+02
2505 1.244921e+01
2506 6.153445e+00
2507 6.158875e+01
2508 3.512160e+01
2509 7.350190e+01
2510 1.210482e+01
2511 2.551905e+02
2512 3.258314e-02
2513 1.999897e+01
2514 2.275152e-01
2515 6.375002e-01
2516 1.936578e+00
2517 6.496656e+01
2518 2.078681e+00
2519 1.503007e+02
2520 6.860126e+01
2521 5.367123e+00
2522 7.438298e-01
2523 6.055801e+00
2524 3.436048e+01
2525 7.981920e-01
2526 3.731650e+01
2527 7.414019e+01
2528 2.969516e+01
2529 1.729584e+01
2530 1.482596e+01
2531 2.681449e+00
2532 1.067680e+01
2533 3.544016e+01
2534 7.382410e+01
2535 5.748961e+01
2536 6.434289e-01
2537 2.512843e+00
2538 5.672837e+00
2539 9.242150e+00
2540 2.256843e+00
2541 6.935104e-01
2542 1.229385e+00
2543 4.514733e+01
2544 3.081526e+01
2545 5.543138e+01
2546 7.016908e-01
2547 4.411753e+00
2548 1.429436e+00
2549 2.963396e+01
2550 6.028230e+01
2551 2.252298e-01
2552 6.965817e+01
2553 3.861028e+01
2554 4.078923e+01
2555 3.657053e-01
2556 4.973486e+00
2557 2.012074e+00
2558 2.520202e-01
2559 7.562937e+01
2560 1.015798e+00
2561 3.752588e+00
2562 4.554153e-01
2563 1.555598e+02
2564 2.711089e+00
2565 7.358937e-01
2566 3.911650e+01
2567 1.497196e-01
2568 3.209818e+01
2569 4.751536e+01
2570 9.788405e+01
2571 6.151483e+01
2572 3.713550e+01
2573 3.913573e+01
2574 3.147663e+01
2575 7.725387e+02
2576 4.800806e+01
2577 6.752298e+02
2578 6.225475e+01
2579 3.550709e+01
2580 3.036471e+01
2581 3.488033e+00
2582 4.332148e+01
2583 5.230611e+01
2584 3.458026e+00
2585 1.313928e+01
2586 6.746627e+01
2587 5.803043e+02
2588 4.550110e+01
2589 2.671991e+00
2590 3.026663e+01
2591 7.486372e+01
2592 3.318230e+01
2593 7.688268e+01
2594 3.910962e+01
2595 4.827360e+01
2596 4.589313e+01
2597 5.130848e-01
2598 3.932858e+01
2599 5.425531e+01
2600 7.835754e-01
2601 3.378207e+00
2602 1.076487e+00
2603 4.686668e+02
2604 4.689324e-01
2605 8.769276e-01
2606 6.395764e+01
2607 4.436758e+01
2608 4.327818e+01
2609 8.236875e+01
2610 1.209051e+00
2611 6.599541e+01
2612 7.283308e+01
2613 4.178278e-01
2614 2.415179e+00
2615 4.703219e+01
2616 1.433731e+00
2617 6.703157e+01
2618 5.374428e+01
2619 8.638352e+01
2620 3.709986e+01
2621 7.191892e+00
2622 4.786815e+01
2623 7.460224e+01
2624 5.126273e+01
2625 4.002962e+01
2626 4.183761e+01
2627 1.307887e+00
2628 6.181555e+01
2629 8.060504e+01
2630 2.203339e+00
2631 2.664968e+00
2632 4.928274e+02
2633 7.206054e+01
2634 1.147055e+00
2635 5.100521e+01
2636 5.138985e+01
2637 7.548337e+01
2638 6.329323e-01
2639 5.720120e-01
2640 8.800476e-01
2641 5.523139e+01
2642 1.185602e+00
2643 6.491143e+00
2644 6.562357e+01
2645 6.461332e+01
2646 3.528351e+01
2647 5.889660e+00
2648 1.318560e+01
2649 4.760209e+01
2650 8.547599e-01
2651 2.015569e+00
2652 1.127602e+00
2653 4.146432e+01
2654 2.396000e+00
2655 3.123106e+02
2656 1.524870e+02
2657 3.014796e+01
2658 3.667961e+01
2659 2.875478e+01
2660 3.448224e+01
2661 1.949748e+00
2662 1.619796e+00
2663 4.628682e+01
2664 5.895490e+02
2665 1.299844e+01
2666 5.884465e+02
2667 4.985312e+01
2668 3.712946e+02
2669 1.936971e+00
2670 2.543108e+00
2671 5.905120e+01
2672 2.660896e+00
2673 4.311085e+00
2674 2.846905e+00
2675 3.769994e+00
2676 2.918383e-02
2677 1.776981e-01
2678 8.307254e-02
2679 3.758218e+01
2680 2.466161e+00
2681 4.762425e+02
2682 4.378531e+01
2683 1.572869e+00
2684 4.369206e-01
2685 1.121915e+01
2686 2.255132e+01
2687 4.737443e+01
2688 1.348858e+00
2689 3.639019e+00
2690 7.420484e+01
2691 5.022428e+02
2692 1.199371e+02
2693 2.576171e+01
2694 7.035318e-01
2695 3.631084e-01
2696 3.779783e+00
2697 5.796851e-01
2698 2.671395e+01
2699 3.772578e+01
2700 9.934484e+01
2701 1.099724e-01
2702 5.791313e+01
2703 3.683528e+00
2704 5.381035e+01
2705 7.384561e+01
2706 4.955633e+01
2707 1.694461e+00
2708 1.963489e+00
2709 5.027040e+01
2710 4.617321e+01
2711 6.811961e+02
2712 2.219309e-02
2713 1.216012e+00
2714 7.846464e-01
2715 5.936408e-01
2716 6.511711e+00
2717 5.019746e+00
2718 9.741724e+00
2719 3.344456e+00
2720 1.149257e+00
2721 5.600881e+01
2722 6.556784e+02
2723 5.761372e+01
2724 8.390711e+00
2725 4.957221e+02
2726 2.290451e+01
2727 3.253220e+01
2728 2.039085e+00
2729 6.744956e+00
2730 5.272809e+02
2731 5.766181e+01
2732 7.006875e-01
2733 5.629751e+01
2734 4.747014e+01
2735 3.903177e+01
2736 3.356114e+01
2737 4.500281e+02
2738 5.225428e+01
2739 1.320120e+01
2740 3.685660e+01
2741 5.937535e+01
2742 2.787688e-01
2743 5.337508e-02
2744 9.781065e-01
2745 3.224507e-02
2746 1.461017e+00
2747 3.803443e+01
2748 6.642193e+01
2749 4.935939e+01
2750 4.709691e+01
2751 6.109211e+01
2752 9.456890e-01
2753 1.620649e+00
2754 3.744665e+01
2755 6.490851e+00
2756 1.774282e+01
2757 3.404009e+01
2758 2.631779e+01
2759 6.207697e+01
2760 1.081776e-01
2761 8.051155e+00
2762 9.140810e-01
2763 7.970416e+01
2764 3.383511e+01
2765 4.728484e+01
2766 9.486297e-01
2767 9.999731e-01
2768 3.775490e+01
2769 5.388121e+01
2770 6.532435e+01
2771 3.763152e+01
2772 3.190402e-01
2773 1.893687e+01
2774 2.253125e+01
2775 1.475206e+00
2776 2.415654e-01
2777 2.875658e+01
2778 1.423690e+00
2779 2.925026e+01
2780 3.240854e+02
2781 7.273589e-01
2782 5.155303e+01
2783 1.029960e+00
2784 2.736997e+00
2785 3.378775e+00
2786 2.282751e+00
2787 4.675003e-02
2788 1.467839e+00
2789 7.892134e+02
2790 4.758514e+01
2791 5.334338e+01
2792 6.581748e+01
2793 6.432859e+01
2794 6.809959e+01
2795 5.249487e+01
2796 5.561408e+01
2797 3.798364e+01
2798 6.156804e+01
2799 8.278383e+01
2800 8.164008e+01
2801 5.974437e+01
2802 5.690614e+01
2803 3.772940e+01
2804 7.001627e+01
2805 7.132888e+01
2806 7.913351e+01
2807 9.165175e+01
2808 6.166484e+01
2809 5.643111e+02
2810 6.744518e+01
2811 5.116767e+01
2812 9.260748e+01
2813 8.317976e+01
2814 7.260265e+01
2815 9.323621e+01
2816 5.571687e+01
2817 4.892326e+01
2818 5.138006e+01
2819 7.276287e+01
2820 4.481848e+02
2821 3.507113e+00
2822 7.983945e+01
2823 4.983276e+01
2824 4.710411e+01
2825 4.561704e+01
2826 4.931142e+02
2827 6.967626e+01
2828 8.498770e+01
2829 5.942437e+01
2830 3.871314e+01
2831 5.668583e+02
2832 4.179135e+02
2833 2.134327e+02
2834 3.662373e+02
2835 4.468027e+02
2836 4.167456e+01
2837 3.492979e+01
2838 1.653663e+01
2839 2.060997e+01
2840 5.956412e-01
2841 5.766822e-01
2842 5.824856e+01
2843 5.479448e+01
2844 6.287849e+01
2845 6.073090e+01
2846 8.879398e+00
2847 3.611914e+00
2848 2.483153e-01
2849 1.993958e+00
2850 1.497917e+00
2851 7.738470e+01
2852 5.675029e+01
2853 1.228633e+00
2854 7.598526e+01
2855 8.076574e-01
2856 5.855037e+01
2857 8.611319e+01
2858 9.271025e+01
2859 3.871731e+01
2860 4.765036e+01
2861 5.566129e+01
2862 6.396070e+01
2863 1.300400e-01
2864 7.072686e+01
2865 8.070571e-01
2866 7.002839e-01
2867 6.659239e+01
2868 1.954865e-01
