2.000000 8.000000 0.000000 2.000000e+00 3 1.493544e+00
2.000000 8.000000 1.493544 3 3 0.000000e+00
2.000000 8.000000 0.000000 2.000000e+00 3 8.266260e-02
2.000000 8.000000 1.493544 7.533502e-01 3 1.264957e+00
2.000000 8.000000 0.000000 2.000000e+00 3 1.340119e-01
2.000000 8.000000 0.134012 3 12 0.000000e+00
2.000000 8.000000 0.134012 7.037675e+00 3 8.082610e-02
2.077491 8.022969 0.133326 3 12 0.000000e+00
2.077491 8.022969 0.133326 2.640193e-01 3 1.054426e+00
2.275322 8.136075 0.000000 -5 12 7.983911e-01
2.000000 8.000000 0.000000 2.000000e+00 3 2.380723e+00
2.000000 8.000000 2.000000 4 13 3.845689e-01
2.000000 8.000000 2.000000 6.000000e+00 4 3.807233e-01
2.000000 8.000000 2.380723 4 13 0.000000e+00
2.000000 8.000000 2.380723 3.865349e-01 4 9.415910e-02
2.093131 7.986131 2.381111 4 13 0.000000e+00
2.093131 7.986131 2.381111 2.342984e-01 4 5.751323e-01
2.156921 8.009911 2.156921 3 13 3.442766e-01
2.156921 8.009911 2.156921 2.254175e+00 3 3.408338e-01
2.249716 8.044503 1.830792 3 13 2.980232e-08
2.249716 8.044503 1.830792 4.160120e+00 3 7.721034e-03
2.254755 8.045131 1.836609 3 13 0.000000e+00
2.254755 8.045131 1.836609 2.831379e+00 3 7.732304e-01
1.688887 7.883543 1.335043 3 13 0.000000e+00
1.688887 7.883543 1.335043 4.486915e+00 3 9.428718e-03
1.694001 7.875640 1.334507 3 13 0.000000e+00
1.694001 7.875640 1.334507 9.381608e-01 3 1.602003e+00
1.187016 8.651114 1.187016 4 13 6.705480e-01
1.187016 8.651114 1.187016 1.631870e+00 4 6.638425e-01
0.828274 9.199839 1.082652 4 13 0.000000e+00
0.828274 9.199839 1.082652 2.916318e+00 4 4.376254e-01
0.703982 8.975493 1.437246 4 13 0.000000e+00
0.703982 8.975493 1.437246 1.292229e+00 4 1.036874e+00
0.139113 8.257619 1.927845 4 13 0.000000e+00
0.139113 8.257619 1.927845 1.757273e-01 4 9.720524e-01
2.000000 8.000000 0.000000 2.000000e+00 3 2.096841e-01
2.000000 8.000000 0.209684 3 14 0.000000e+00
2.000000 8.000000 0.209684 2.334529e+00 3 3.603998e-01
1.867923 8.308756 0.340502 3 14 0.000000e+00
1.867923 8.308756 0.340502 4.719849e-01 3 8.611718e-01
2.139707 8.490308 0.000000 -5 14 3.931181e-01
2.000000 8.000000 0.000000 2.000000e+00 3 9.809445e-01
2.000000 8.000000 0.980945 3 15 0.000000e+00
2.000000 8.000000 0.980945 2.493874e+00 3 1.203420e-01
2.062627 8.096510 0.945647 3 15 0.000000e+00
2.062627 8.096510 0.945647 1.001974e+00 3 4.166440e-01
2.197703 8.069625 0.552425 3 15 0.000000e+00
2.197703 8.069625 0.552425 2.310755e+00 3 4.933256e-02
2.208581 8.055513 0.598428 3 15 0.000000e+00
2.208581 8.055513 0.598428 4.197317e+00 3 5.868028e-01
1.911559 7.556397 0.514765 3 15 0.000000e+00
2.000000 8.000000 1.152472 3 16 0.000000e+00
2.000000 8.000000 1.152472 1.710133e+00 3 8.916996e-03
1.998437 7.993600 1.146463 3 16 0.000000e+00
1.998437 7.993600 1.146463 4.749931e+00 3 4.268371e-01
2.374195 8.173899 1.238592 3 16 0.000000e+00
2.374195 8.173899 1.238592 4.320035e+00 3 4.459523e-01
2.769057 7.970064 1.201056 3 16 0.000000e+00
2.769057 7.970064 1.201056 4.459289e+00 3 1.928557e-01
2.860300 7.836373 1.305913 3 16 0.000000e+00
2.860300 7.836373 1.305913 2.902312e+00 3 4.633615e+00
1.077225 5.557830 1.077225 4 16 1.748791e+00
1.077225 5.557830 1.077225 1.753400e+00 4 1.731303e+00
0.013576 4.198620 0.940807 4 16 0.000000e+00
0.013576 4.198620 0.940807 1.625155e-02 4 1.129309e+00
0.000000 4.206721 0.944575 -7 16 1.124300e+00
2.000000 8.000000 0.000000 2.000000e+00 3 2.132022e+00
2.000000 8.000000 2.000000 4 17 1.333551e-01
2.000000 8.000000 2.000000 6.000000e+00 4 1.320216e-01
2.000000 8.000000 2.132022 4 17 0.000000e+00
2.000000 8.000000 2.132022 1.579856e-01 4 6.335242e-02
2.023090 7.949115 2.102171 4 17 0.000000e+00
2.023090 7.949115 2.102171 2.280730e+00 4 6.898023e-01
1.411211 7.940097 1.783817 4 17 0.000000e+00
1.411211 7.940097 1.783817 4.944250e-01 4 1.207778e-01
1.412977 8.021448 1.694564 4 17 0.000000e+00
1.412977 8.021448 1.694564 3.829976e+00 4 7.363119e-01
1.562740 8.401824 2.306969 4 17 0.000000e+00
1.562740 8.401824 2.306969 8.556849e-01 4 5.447212e-01
1.703893 7.994193 1.974352 4 17 0.000000e+00
1.703893 7.994193 1.974352 1.961304e+00 4 2.047920e+00
0.000000 7.214880 1.394585 -7 17 8.749163e-02
0.000000 8.182414 2.004474 -7 13 8.043687e-01
2.000000 8.000000 0.082663 3 0 0.000000e+00
2.000000 8.000000 0.082663 2.582008e+00 3 2.052984e+00
1.911559 7.556397 0.514765 7.250957e-01 3 1.465916e+00
1.996038 8.060029 0.000000 -5 15 7.483037e-01
2.162970 8.304708 2.162970 4 3 5.167744e-01
2.000000 8.000000 0.000000 2.000000e+00 3 8.478973e-01
2.000000 8.000000 0.000000 2.000000e+00 3 9.231228e-01
2.000000 8.000000 0.923123 3 6 0.000000e+00
2.000000 8.000000 0.923123 3.221770e+00 3 1.374103e+00
2.704768 7.809154 2.087185 3 6 0.000000e+00
2.000000 8.000000 0.847897 3 9 0.000000e+00
2.704768 7.809154 2.087185 2.196656e+00 3 2.279844e-01
2.000000 8.000000 0.847897 8.600898e-01 3 2.846563e+00
2.711863 7.879873 1.870562 3 6 0.000000e+00
1.245991 8.112899 1.245991 4 9 2.006538e+00
1.245991 8.112899 1.245991 1.421287e+00 4 1.986473e+00
2.162970 8.304708 2.162970 4.191388e+00 4 5.116067e-01
3.199334 9.590222 0.580190 3 0 0.000000e+00
2.273644 8.511638 2.617583 4 3 0.000000e+00
2.711863 7.879873 1.870562 4.737121e+00 3 2.099186e-01
0.000000 8.299462 1.903835 -7 9 5.708946e-01
3.199334 9.590222 0.580190 3.640511e+00 3 2.294536e-01
2.000000 8.000000 0.000000 2.000000e+00 3 1.331251e+00
3.249474 9.528452 0.795409 3 0 0.000000e+00
2.000000 8.000000 1.331251 3 10 0.000000e+00
3.249474 9.528452 0.795409 2.920368e+00 3 1.520297e+00
2.000000 8.000000 1.331251 1.171143e+00 3 9.487322e-02
1.911539 7.999748 1.296965 3 10 0.000000e+00
2.273644 8.511638 2.617583 5.140050e-01 4 1.211241e+00
2.430290 8.963948 2.430290 3 3 7.042783e-01
2.000000 8.000000 0.000000 2.000000e+00 3 1.502386e-01
3.038235 8.465594 1.861717 3 0 0.000000e+00
2.000000 8.000000 0.150239 3 18 0.000000e+00
1.911539 7.999748 1.296965 1.392052e+00 3 2.231530e-01
2.430290 8.963948 2.430290 1.177368e+00 3 6.972355e-01
1.759282 7.845712 1.243227 3 10 0.000000e+00
3.038235 8.465594 1.861717 2.261940e+00 3 9.825795e-01
2.904487 7.889393 1.787671 3 6 0.000000e+00
2.000000 8.000000 0.150239 1.560840e-01 3 1.198998e+00
1.759282 7.845712 1.243227 4.346435e-01 3 1.900612e+00
2.904487 7.889393 1.787671 3.161937e+00 3 3.581018e-01
2.619224 8.097007 1.052993 3 0 0.000000e+00
3.186352 7.977705 1.585210 3 6 0.000000e+00
2.642778 9.577497 2.176233 3 3 0.000000e+00
3.186352 7.977705 1.585210 1.944675e+00 3 5.330447e-01
2.041897 7.994061 0.000000 -5 18 1.053449e+00
2.619224 8.097007 1.052993 4.808857e+00 3 8.700762e-01
1.648346 7.733967 1.648346 4 10 1.480777e+00
3.479322 7.965999 1.062928 3 0 0.000000e+00
2.642778 9.577497 2.176233 4.372378e-01 3 2.465222e+00
3.228963 7.753013 2.066702 3 6 0.000000e+00
2.000000 8.000000 0.000000 2.000000e+00 3 1.019013e+00
3.479322 7.965999 1.062928 1.663781e+00 3 4.377525e-01
2.000000 8.000000 1.019013 3 19 0.000000e+00
2.387314 9.292259 2.387314 4 3 2.048469e+00
2.000000 8.000000 1.019013 6.056225e+00 3 2.286034e+00
4.055519 7.790708 1.997272 3 19 0.000000e+00
3.470145 8.302646 0.783264 3 0 0.000000e+00
3.228963 7.753013 2.066702 2.835909e+00 3 7.408787e-01
2.387314 9.292259 2.387314 4.086003e+00 4 2.027985e+00
2.604174 7.988391 1.745552 3 6 0.000000e+00
4.055519 7.790708 1.997272 3.257939e+00 3 2.590410e-01
3.470145 8.302646 0.783264 2.119076e+00 3 3.879707e-01
3.826212 7.689664 1.931618 3 19 0.000000e+00
3.799047 8.450224 0.639860 3 0 0.000000e+00
3.826212 7.689664 1.931618 4.825248e+00 3 1.441074e+00
2.604174 7.988391 1.745552 2.047169e+00 3 1.162562e+00
1.202431 7.969281 3.366345 4 3 0.000000e+00
2.812471 9.130759 1.689335 3 6 0.000000e+00
4.905904 8.379652 2.591068 3 19 0.000000e+00
3.799047 8.450224 0.639860 3.665408e+00 3 4.156628e-01
4.905904 8.379652 2.591068 3.314423e+00 3 1.866804e+00
4.019195 8.142921 0.812705 3 0 0.000000e+00
4.658248 7.242189 1.131684 3 19 0.000000e+00
4.658248 7.242189 1.131684 1.679567e+00 3 1.750798e+00
5.861443 6.937953 0.000000 -5 19 7.195067e-02
1.202431 7.969281 3.366345 2.246889e+00 4 7.607566e-01
1.648346 7.733967 1.648346 5.117549e+00 4 1.465969e+00
2.812471 9.130759 1.689335 4.676200e+00 3 1.087421e+00
1.274180 7.357072 3.014734 4 10 0.000000e+00
3.414880 8.263889 1.950344 3 6 0.000000e+00
1.274180 7.357072 3.014734 1.340397e+00 4 3.338261e+00
3.414880 8.263889 1.950344 3.266480e+00 3 5.017030e-01
1.893181 7.751561 1.893181 3 10 2.018044e+00
3.804727 8.363846 1.650788 3 6 0.000000e+00
1.893181 7.751561 1.893181 2.262589e+00 3 1.997864e+00
2.815803 8.339546 0.221504 3 10 0.000000e+00
1.192264 8.133146 2.623516 4 3 0.000000e+00
2.815803 8.339546 0.221504 3.855475e-01 3 9.412572e-01
1.192264 8.133146 2.623516 3.874692e+00 4 4.791205e-01
1.089592 8.363990 3.030610 4 3 0.000000e+00
1.089592 8.363990 3.030610 5.119770e+00 4 2.262256e+00
2.413838 7.727559 4.750822 4 3 0.000000e+00
2.413838 7.727559 4.750822 2.228758e+00 4 1.089051e+00
4.019195 8.142921 0.812705 1.884673e+00 3 3.406618e-02
2.965271 8.061622 0.000000 -5 10 5.613229e-01
4.018755 8.176489 0.806914 3 0 0.000000e+00
2.500663 7.245899 5.723703 4 3 0.000000e+00
4.018755 8.176489 0.806914 2.751066e+00 3 4.762889e-01
2.000000 8.000000 0.000000 2.000000e+00 3 1.422883e-01
3.904018 8.492191 1.144580 3 0 0.000000e+00
2.000000 8.000000 0.142288 3 11 0.000000e+00
2.500663 7.245899 5.723703 2.916108e+00 4 8.932534e-01
3.804727 8.363846 1.650788 1.858373e+00 3 1.681697e-02
2.723206 6.841467 4.958974 4 3 0.000000e+00
2.000000 8.000000 0.142288 2.955699e+00 3 2.212256e-01
3.904018 8.492191 1.144580 1.316452e+00 3 3.032148e-01
2.723206 6.841467 4.958974 2.105030e+00 4 5.232016e-01
3.870941 8.346090 0.880952 3 0 0.000000e+00
3.070587 6.755179 5.340576 4 3 0.000000e+00
2.034486 8.132811 0.315819 3 11 0.000000e+00
3.070587 6.755179 5.340576 3.941695e+00 4 8.827454e-01
3.870941 8.346090 0.880952 2.567991e+00 3 5.516317e-01
3.475553 8.641064 1.127845 3 0 0.000000e+00
3.797848 8.355103 1.663400 3 6 0.000000e+00
3.475553 8.641064 1.127845 4.963111e+00 3 1.890079e-01
3.797848 8.355103 1.663400 1.509653e+00 3 5.220873e-01
3.663046 8.631841 1.149871 3 0 0.000000e+00
2.034486 8.132811 0.315819 3.253198e-01 3 9.505338e-01
3.894825 6.764992 5.656448 4 3 0.000000e+00
2.008461 8.206390 0.000000 -5 11 6.315293e-01
3.894825 6.764992 5.656448 3.366566e+00 4 1.481772e-01
3.663046 8.631841 1.149871 7.227261e+00 3 5.895623e-01
3.426633 8.343925 2.030347 3 6 0.000000e+00
4.064493 8.627959 1.581622 3 0 0.000000e+00
3.852335 6.840787 5.536422 4 3 0.000000e+00
4.064493 8.627959 1.581622 4.853022e+00 3 3.667457e-01
3.797494 8.406763 1.462098 3 0 0.000000e+00
3.426633 8.343925 2.030347 1.889675e+00 3 3.663342e+00
3.852335 6.840787 5.536422 2.095716e+00 4 4.449331e-01
3.776178 6.424996 5.397556 4 3 0.000000e+00
3.776178 6.424996 5.397556 1.623757e+00 4 5.720645e-01
3.967496 6.042472 5.017648 4 3 0.000000e+00
3.967496 6.042472 5.017648 1.259572e+00 4 1.412628e-01
3.897765 6.050149 5.140260 4 3 0.000000e+00
3.897765 6.050149 5.140260 8.653598e-01 4 1.833528e+00
3.938907 5.187035 5.187035 6 3 9.779473e-01
3.938907 5.187035 5.187035 1.194441e+00 6 9.681678e-01
3.797494 8.406763 1.462098 3.376667e+00 3 2.196425e+00
3.984936 4.221379 5.239367 6 3 0.000000e+00
3.944008 6.982502 3.127720 3 0 0.000000e+00
3.944008 6.982502 3.127720 4.506950e+00 3 8.033206e-02
3.984936 4.221379 5.239367 5.475598e+00 6 2.528510e-01
2.774216 10.000000 1.395806 -6 6 1.791583e+00
2.000000 8.000000 0.000000 2.000000e+00 3 7.443625e-02
2.000000 8.000000 0.074436 3 7 0.000000e+00
2.000000 8.000000 0.074436 5.177165e+00 3 5.837032e-02
2.041032 8.022549 0.109294 3 7 0.000000e+00
4.018650 4.341668 5.459202 6 3 0.000000e+00
4.003303 7.036286 3.134402 3 0 0.000000e+00
4.018650 4.341668 5.459202 8.283521e-01 6 8.557792e-01
4.003303 7.036286 3.134402 2.063063e+00 3 1.948834e-01
3.832079 7.009543 3.045258 3 0 0.000000e+00
3.832079 7.009543 3.045258 1.005507e+00 3 6.181287e-02
3.773468 6.992787 3.035017 3 0 0.000000e+00
3.773468 6.992787 3.035017 2.830531e+00 3 1.350487e+00
4.148311 5.831646 3.613859 3 0 0.000000e+00
4.148311 5.831646 3.613859 1.394943e+00 3 3.663347e-01
4.494586 5.735850 3.685397 3 0 0.000000e+00
4.494586 5.735850 3.685397 5.766505e-01 3 4.632995e-01
4.172988 5.678500 4.013928 3 0 0.000000e+00
4.172988 5.678500 4.013928 5.548562e+00 3 1.727422e+00
5.159925 6.348068 2.764280 3 0 0.000000e+00
5.159925 6.348068 2.764280 4.891912e+00 3 1.669148e-01
5.255828 6.472674 2.708275 3 0 0.000000e+00
4.248127 4.967759 4.967759 4 3 2.770412e-02
2.041032 8.022549 0.109294 2.519698e+00 3 2.182887e-01
4.248127 4.967759 4.967759 8.268731e-01 4 2.742708e-02
2.035179 8.169291 0.270794 3 7 0.000000e+00
2.035179 8.169291 0.270794 1.404053e+00 3 1.867705e+00
4.255724 4.988489 4.951487 4 3 0.000000e+00
5.255828 6.472674 2.708275 3.489511e+00 3 6.438274e-01
4.255724 4.988489 4.951487 1.207762e+00 4 6.485178e-01
1.397020 7.625478 1.397020 4 7 4.683344e-01
4.026142 5.052082 4.348310 4 3 0.000000e+00
4.631512 6.503318 2.553992 3 0 0.000000e+00
4.026142 5.052082 4.348310 6.069266e+00 4 9.208190e-01
4.631512 6.503318 2.553992 1.344705e+00 3 1.397243e+00
5.460656 5.460656 2.737311 1 0 5.306852e-02
4.302597 5.802772 4.804317 4 3 0.000000e+00
1.397020 7.625478 1.397020 3.073671e+00 4 4.636511e-01
4.302597 5.802772 4.804317 2.092309e+00 4 7.145012e-01
1.186285 7.445899 1.768926 4 7 0.000000e+00
1.186285 7.445899 1.768926 4.693277e+00 4 5.832517e-01
3.933039 5.234918 4.577425 4 3 0.000000e+00
5.460656 5.460656 2.737311 2.987075e+00 1 5.253784e-02
3.933039 5.234918 4.577425 5.761117e+00 4 2.557958e+00
1.466640 7.172897 2.201424 4 7 0.000000e+00
2.510486 7.350632 4.785330 4 3 0.000000e+00
1.466640 7.172897 2.201424 2.572498e+00 4 2.289031e+00
0.161611 5.315438 1.907470 4 7 0.000000e+00
2.510486 7.350632 4.785330 2.935550e+00 4 2.854854e-01
5.493051 5.419919 2.744473 1 0 0.000000e+00
2.266338 7.497518 4.767490 4 3 0.000000e+00
5.493051 5.419919 2.744473 5.282729e-02 1 9.854557e-01
5.456334 5.456334 2.755267 3 0 9.420488e-01
5.456334 5.456334 2.755267 3.003284e+00 3 9.326284e-01
4.808119 6.099216 2.945831 3 0 0.000000e+00
4.808119 6.099216 2.945831 3.598962e+00 3 6.717905e-01
4.299378 5.691142 2.784709 3 0 0.000000e+00
4.299378 5.691142 2.784709 1.587780e+00 3 6.142649e-01
4.909046 5.762378 2.761226 3 0 0.000000e+00
4.909046 5.762378 2.761226 9.624553e-01 3 2.862940e+00
5.766597 5.766596 3.198157 1 0 1.919682e+00
5.766597 5.766596 3.198157 4.751278e+00 1 1.900485e+00
7.459934 5.774927 4.060930 1 0 0.000000e+00
7.459934 5.774927 4.060930 3.915048e+00 1 1.178389e+00
8.224468 6.596403 4.420464 1 0 0.000000e+00
8.224468 6.596403 4.420464 2.042130e+00 1 1.244433e+00
8.001743 7.365788 5.372857 1 0 0.000000e+00
8.001743 7.365788 5.372857 1.439932e+00 1 1.375274e+00
7.926383 6.606622 6.517132 1 0 0.000000e+00
7.926383 6.606622 6.517132 1.552425e-01 1 1.163136e+00
7.959844 6.464470 6.464470 2 0 1.018074e+00
7.959844 6.464470 6.464470 7.059744e+00 2 1.007894e+00
8.177082 5.541561 6.122571 2 0 0.000000e+00
8.177082 5.541561 6.122571 2.825531e+00 2 8.379585e-01
2.266338 7.497518 4.767490 2.901729e+00 4 8.819193e-01
0.161611 5.315438 1.907470 2.021236e-01 4 4.684817e-01
1.625617 6.975350 5.075057 4 3 0.000000e+00
7.366871 5.468310 5.921659 2 0 0.000000e+00
1.625617 6.975350 5.075057 1.829111e+00 4 3.165124e-01
1.713564 6.672406 5.100942 4 3 0.000000e+00
0.000000 5.436382 1.897051 -7 7 2.690486e-01
1.713564 6.672406 5.100942 2.540315e+00 4 2.736328e-01
7.366871 5.468310 5.921659 1.823645e+00 2 3.750567e+00
1.861090 6.448514 5.046322 4 3 0.000000e+00
2.000000 8.000000 0.000000 2.000000e+00 3 5.200304e-02
1.861090 6.448514 5.046322 1.052412e+00 4 8.781752e-02
6.747573 3.964976 6.747573 5 0 1.946385e+00
1.890149 6.393362 5.108175 4 3 0.000000e+00
2.000000 8.000000 0.052003 3 8 0.000000e+00
1.890149 6.393362 5.108175 2.214938e+00 4 1.585561e+00
6.747573 3.964976 6.747573 4.809783e+00 5 1.926922e+00
2.044830 6.949944 6.584756 4 3 0.000000e+00
2.000000 8.000000 0.052003 9.058656e-02 3 9.279669e-02
2.044830 6.949944 6.584756 2.584372e+00 4 2.337703e-01
6.093204 2.376506 7.620260 5 0 0.000000e+00
1.938617 6.787103 6.454948 4 3 0.000000e+00
2.072137 8.017258 0.000000 -5 8 2.232455e-03
1.938617 6.787103 6.454948 5.068738e+00 4 1.068168e+00
2.651090 7.464177 6.873196 4 3 0.000000e+00
2.651090 7.464177 6.873196 3.904628e+00 4 2.973286e-01
2.456985 7.657274 6.757263 4 3 0.000000e+00
2.456985 7.657274 6.757263 4.031960e+00 4 2.693748e-01
2.292834 7.811978 6.904517 4 3 0.000000e+00
2.292834 7.811978 6.904517 3.737799e+00 4 1.548010e-01
2.441230 7.800697 6.861921 4 3 0.000000e+00
2.441230 7.800697 6.861921 2.612703e+00 4 1.232055e+00
1.290035 7.362027 6.845339 4 3 0.000000e+00
1.290035 7.362027 6.845339 2.444435e+00 4 1.689660e+00
0.398328 8.323654 7.910739 4 3 0.000000e+00
0.398328 8.323654 7.910739 4.562613e-01 4 5.589711e-01
0.000000 8.342284 7.689015 -7 3 1.037473e-01
2.000000 8.000000 0.000000 2.000000e+00 3 5.552294e-01
2.000000 8.000000 0.555229 3 4 5.960464e-08
2.000000 8.000000 0.555229 1.267426e+00 3 1.420982e+00
0.946184 8.433084 0.000000 -5 4 1.551070e-01
2.000000 8.000000 0.000000 2.000000e+00 3 2.549715e-01
2.000000 8.000000 0.254971 3 5 0.000000e+00
2.000000 8.000000 0.254971 1.786579e+00 3 2.676426e-01
1.816782 8.178741 0.333171 3 5 0.000000e+00
1.816782 8.178741 0.333171 3.051854e+00 3 2.993111e-01
1.736502 7.897871 0.398397 3 5 0.000000e+00
1.736502 7.897871 0.398397 6.331355e+00 3 3.125690e+00
4.464814 7.584412 1.891047 3 5 0.000000e+00
4.464814 7.584412 1.891047 3.616596e+00 3 8.268071e-01
5.011779 8.136651 1.609141 3 5 0.000000e+00
5.011779 8.136651 1.609141 3.706242e+00 3 1.707615e+00
4.865570 7.201855 3.030664 3 5 0.000000e+00
4.865570 7.201855 3.030664 2.427494e+00 3 8.517226e-01
4.974970 7.584147 3.783868 3 5 0.000000e+00
4.974970 7.584147 3.783868 3.578444e+00 3 1.603919e+00
5.189335 8.666973 2.620214 3 5 0.000000e+00
5.189335 8.666973 2.620214 2.124176e+00 3 5.543770e-01
5.005208 8.474954 3.106588 3 5 0.000000e+00
5.005208 8.474954 3.106588 4.791749e+00 3 1.784069e+00
3.631551 7.552242 2.439826 3 5 0.000000e+00
3.631551 7.552242 2.439826 1.047171e+00 3 6.711164e-01
3.517714 7.429606 3.089749 3 5 0.000000e+00
3.517714 7.429606 3.089749 4.461840e+00 3 1.122953e+00
3.578370 6.621744 2.312123 3 5 0.000000e+00
3.578370 6.621744 2.312123 2.818855e+00 3 7.461907e-01
3.867463 6.332796 2.936410 3 5 0.000000e+00
3.867463 6.332796 2.936410 3.305224e+00 3 9.216445e-01
4.290002 6.354043 2.117607 3 5 0.000000e+00
4.290002 6.354043 2.117607 3.133757e+00 3 7.024378e-01
4.845049 6.446431 1.697124 3 5 0.000000e+00
4.845049 6.446431 1.697124 1.867748e+00 3 3.171544e-01
4.944693 6.274151 1.450188 3 5 0.000000e+00
4.944693 6.274151 1.450188 3.272802e+00 3 6.151481e-01
4.773327 6.610865 1.935641 3 5 0.000000e+00
4.773327 6.610865 1.935641 5.163173e+00 3 4.432006e-01
4.488217 6.315007 1.769488 3 5 0.000000e+00
4.488217 6.315007 1.769488 1.911703e+00 3 1.590156e+00
4.858972 6.789098 0.297627 3 5 0.000000e+00
4.858972 6.789098 0.297627 9.376385e-01 3 1.109624e-01
4.769276 6.844114 0.262405 3 5 0.000000e+00
4.769276 6.844114 0.262405 3.661219e+00 3 1.680025e+00
4.011813 7.572842 1.573011 3 5 0.000000e+00
4.011813 7.572842 1.573011 2.876762e+00 3 1.557023e+00
4.222749 7.762891 3.103928 3 5 0.000000e+00
4.222749 7.762891 3.103928 1.177553e+00 3 4.055957e-01
3.879384 7.551128 3.145929 3 5 0.000000e+00
3.879384 7.551128 3.145929 4.202279e+00 3 7.058488e-01
4.318494 7.389325 2.617513 3 5 0.000000e+00
4.318494 7.389325 2.617513 3.564590e+00 3 3.680084e-02
4.313695 7.355144 2.630275 3 5 0.000000e+00
4.313695 7.355144 2.630275 1.210465e+00 3 1.472770e-01
4.224380 7.335867 2.745781 3 5 0.000000e+00
4.224380 7.335867 2.745781 1.126579e+00 3 9.692145e-01
3.701900 7.659154 3.495364 3 5 0.000000e+00
3.701900 7.659154 3.495364 4.255539e-01 3 2.738742e+00
3.792666 7.368519 3.792666 4 5 2.336554e+00
3.792666 7.368519 3.792666 2.588235e+00 4 2.313188e+00
4.286047 5.788713 5.408713 4 5 0.000000e+00
4.286047 5.788713 5.408713 9.403856e-01 4 3.494066e-02
4.312721 5.771885 5.393674 4 5 0.000000e+00
4.312721 5.771885 5.393674 3.033110e-01 4 2.176097e-01
4.412146 5.618128 5.511264 4 5 0.000000e+00
4.412146 5.618128 5.511264 1.368449e+00 4 1.817665e+00
5.712820 5.992644 5.712820 3 5 4.537530e-01
5.712820 5.992644 5.712820 4.134552e-01 3 4.492155e-01
6.105798 6.105798 5.773717 1 5 3.612155e-02
6.105798 6.105798 5.773717 4.097118e+00 1 3.576033e-02
6.139788 6.115585 5.778984 1 5 0.000000e+00
6.139788 6.115585 5.778984 1.293727e+00 1 4.300291e+00
7.040251 7.040251 5.690233 3 5 3.036933e+00
7.040251 7.040251 5.690233 4.141070e+00 3 3.006564e+00
9.132888 9.189134 5.483980 3 5 0.000000e+00
9.132888 9.189134 5.483980 4.519128e-02 3 1.496274e-01
9.169928 9.169927 5.466619 1 5 1.054910e-01
9.169928 9.169927 5.466619 1.012756e+00 1 1.044361e-01
9.255526 9.125541 5.426497 1 5 0.000000e+00
9.255526 9.125541 5.426497 1.211539e-01 1 1.316707e-01
9.188727 9.188727 5.505388 3 5 1.062299e-02
9.188727 9.188727 5.505388 1.555529e+00 3 1.051676e-02
9.182929 9.194212 5.512236 3 5 0.000000e+00
9.182929 9.194212 5.512236 1.005345e-02 3 9.013753e-01
9.189926 9.189927 5.518044 1 5 9.003250e-01
9.189926 9.189927 5.518044 1.163856e+00 1 8.913218e-01
9.810309 8.810019 6.033065 1 5 0.000000e+00
9.810309 8.810019 6.033065 1.068755e+00 1 4.980987e-01
9.400956 8.866856 6.311094 1 5 0.000000e+00
9.400956 8.866856 6.311094 1.361631e+00 1 3.974326e+00
8.210818 8.210818 6.226166 3 5 2.639086e+00
8.210818 8.210818 6.226166 2.445113e+00 3 2.612695e+00
6.073659 7.032756 6.073659 4 5 1.692746e-01
6.073659 7.032756 6.073659 2.286664e+00 4 1.675818e-01
5.927184 6.952014 6.063207 4 5 0.000000e+00
5.927184 6.952014 6.063207 9.227576e-01 4 7.396903e-02
5.874663 6.907040 6.089479 4 5 0.000000e+00
5.874663 6.907040 6.089479 3.274209e+00 4 1.564347e+00
5.453186 8.384790 5.796603 4 5 0.000000e+00
5.453186 8.384790 5.796603 5.502068e+00 4 1.337438e+00
4.420069 7.558612 5.599559 4 5 0.000000e+00
4.420069 7.558612 5.599559 1.775402e+00 4 1.082578e+00
4.479771 7.438259 6.673769 4 5 0.000000e+00
4.479771 7.438259 6.673769 9.402482e-01 4 1.423494e-02
4.485313 7.425229 6.672313 4 5 0.000000e+00
4.485313 7.425229 6.672313 5.477468e-01 4 4.714249e-01
4.555792 7.040733 6.935824 4 5 0.000000e+00
4.555792 7.040733 6.935824 3.318237e+00 4 2.039491e+00
4.433661 8.859591 7.850362 4 5 0.000000e+00
4.433661 8.859591 7.850362 2.170540e+00 4 1.965596e+00
5.186291 9.892322 9.343877 4 5 0.000000e+00
5.186291 9.892322 9.343877 1.515475e-01 4 4.946828e-01
5.160452 10.000000 9.447339 -8 5 3.466013e-01
6.093204 2.376506 7.620260 3.821111e+00 5 2.866478e+00
4.389416 0.593726 6.158932 5 0 0.000000e+00
4.389416 0.593726 6.158932 2.698307e+00 5 5.632536e-01
4.014123 1.010758 6.109000 5 0 0.000000e+00
4.014123 1.010758 6.109000 1.256540e+00 5 4.935405e-01
3.784984 0.613755 5.926065 5 0 0.000000e+00
3.784984 0.613755 5.926065 6.867779e+00 5 3.400412e+00
6.404331 2.120593 7.485308 5 0 0.000000e+00
6.404331 2.120593 7.485308 3.650092e+00 5 8.931088e-01
5.905048 2.669460 7.982403 5 0 0.000000e+00
5.905048 2.669460 7.982403 1.640721e+00 5 3.937008e-01
6.039980 2.737511 7.618861 5 0 0.000000e+00
6.039980 2.737511 7.618861 1.384632e+00 5 8.602307e-01
6.197757 2.931296 6.795727 5 0 0.000000e+00
6.197757 2.931296 6.795727 3.669558e+00 5 4.848779e-02
6.214236 2.914359 6.838067 5 0 0.000000e+00
6.214236 2.914359 6.838067 7.340494e-01 5 2.443581e-02
6.231667 2.931155 6.834731 5 0 0.000000e+00
6.231667 2.931155 6.834731 2.108905e+00 5 1.435048e+00
7.130996 3.936881 7.323693 5 0 0.000000e+00
7.130996 3.936881 7.323693 3.638750e-01 5 4.683968e-01
7.239629 4.273833 7.239629 2 0 1.055776e-01
7.239629 4.273833 7.239629 2.563274e+00 2 1.045218e-01
7.270834 4.370621 7.215482 2 0 0.000000e+00
7.270834 4.370621 7.215482 4.131899e-02 2 1.316490e-01
7.252443 4.368917 7.252443 5 0 9.124240e-02
7.252443 4.368917 7.252443 3.071491e+00 5 9.032997e-02
7.212238 4.365191 7.333247 5 0 0.000000e+00
7.212238 4.365191 7.333247 1.213481e-01 5 1.297725e+00
7.217237 4.400434 7.217237 2 0 1.188259e+00
7.217237 4.400434 7.217237 2.259886e+00 2 1.176377e+00
7.265695 4.742084 6.092607 2 0 0.000000e+00
7.265695 4.742084 6.092607 1.047203e+00 2 1.770193e+00
6.246226 4.558468 6.246226 5 0 7.302938e-01
6.246226 4.558468 6.246226 2.114514e+00 5 7.229909e-01
5.542382 4.431699 6.352285 5 0 0.000000e+00
5.542382 4.431699 6.352285 4.645694e+00 5 2.190073e+00
5.310962 2.342508 6.967210 5 0 0.000000e+00
5.310962 2.342508 6.967210 2.436030e+00 5 2.648010e+00
7.643401 2.534133 7.643401 2 0 2.141211e-01
7.643401 2.534133 7.643401 2.461262e+00 2 2.119799e-01
7.846367 2.550808 7.702242 2 0 0.000000e+00
7.846367 2.550808 7.702242 1.118939e+00 2 1.072231e+00
8.253394 3.379562 8.247378 2 0 0.000000e+00
8.253394 3.379562 8.247378 5.712920e-03 2 9.415429e-02
8.253057 3.379030 8.253057 5 0 8.933472e-02
8.253057 3.379030 8.253057 1.757686e+00 5 8.844138e-02
8.247826 3.370786 8.340958 5 0 0.000000e+00
8.247826 3.370786 8.340958 3.833250e+00 5 3.376393e-01
8.038996 3.591534 8.193786 5 0 0.000000e+00
8.038996 3.591534 8.193786 1.002545e+00 5 2.825904e-01
7.895372 3.746984 8.006531 5 0 0.000000e+00
7.895372 3.746984 8.006531 1.075607e-01 5 9.714398e-01
7.964271 3.817951 7.964271 2 0 8.726051e-01
7.964271 3.817951 7.964271 3.178063e+00 2 8.638791e-01
8.517634 4.387921 7.624855 2 0 0.000000e+00
8.517634 4.387921 7.624855 1.309371e+00 2 1.523298e+00
8.329304 3.300390 8.329303 5 0 2.160879e-01
8.329304 3.300390 8.329303 3.105355e+00 5 2.139271e-01
8.298534 3.122707 8.444397 5 0 0.000000e+00
8.298534 3.122707 8.444397 6.733435e-01 5 3.773762e+00
7.911819 2.980570 7.911819 2 0 3.131735e+00
7.911819 2.980570 7.911819 8.504308e+00 2 3.100418e+00
6.131187 2.326099 5.459561 2 0 0.000000e+00
6.131187 2.326099 5.459561 2.545048e+00 2 2.769196e-01
6.211366 2.073003 5.380838 2 0 0.000000e+00
6.211366 2.073003 5.380838 4.189711e+00 2 2.546918e-01
6.416478 1.946985 5.464001 2 0 0.000000e+00
6.416478 1.946985 5.464001 1.245751e+00 2 7.017801e-01
6.542163 1.751742 6.126253 2 0 0.000000e+00
6.542163 1.751742 6.126253 3.240395e+00 2 5.454319e-01
6.124344 1.795882 5.778441 2 0 0.000000e+00
6.124344 1.795882 5.778441 4.036071e+00 2 2.233489e+00
8.269062 1.992317 5.186816 2 0 0.000000e+00
8.269062 1.992317 5.186816 2.191213e+00 2 9.580379e-01
7.525331 1.996856 5.790699 2 0 0.000000e+00
7.525331 1.996856 5.790699 4.709961e+00 2 2.174767e-01
7.343806 1.933168 5.689269 2 0 0.000000e+00
7.343806 1.933168 5.689269 3.371566e+00 2 4.870297e-01
7.396068 1.995564 5.209088 2 0 0.000000e+00
7.396068 1.995564 5.209088 1.563793e+00 2 6.026766e-01
6.957541 1.909331 5.613410 2 0 0.000000e+00
6.957541 1.909331 5.613410 1.483962e+00 2 7.885244e-01
6.194804 1.715302 5.564897 2 0 0.000000e+00
6.194804 1.715302 5.564897 3.988165e+00 2 8.181288e-01
6.975399 1.960255 5.566557 2 0 0.000000e+00
6.975399 1.960255 5.566557 3.210461e+00 2 4.044748e-02
7.013505 1.961063 5.580095 2 0 0.000000e+00
7.013505 1.961063 5.580095 4.617073e+00 2 2.114380e+00
8.381165 1.407995 4.065428 2 0 0.000000e+00
8.381165 1.407995 4.065428 4.196698e+00 2 2.616756e-01
8.208731 1.579449 4.162092 2 0 0.000000e+00
8.208731 1.579449 4.162092 3.053153e+00 2 2.806326e-01
8.200690 1.434273 4.402121 2 0 0.000000e+00
8.200690 1.434273 4.402121 3.261598e+00 2 1.396587e-01
8.169415 1.398683 4.533497 2 0 0.000000e+00
8.169415 1.398683 4.533497 1.896005e+00 2 4.158576e-01
8.570924 1.441751 4.632860 2 0 0.000000e+00
8.570924 1.441751 4.632860 1.783178e+00 2 1.283376e+00
8.975252 0.404104 3.995006 2 0 0.000000e+00
8.975252 0.404104 3.995006 1.504179e+00 2 2.652452e+00
10.000000 1.447362 4.347220 -4 0 1.159871e+00
2.000000 8.000000 0.000000 2.000000e+00 3 5.326350e+00
2.000000 8.000000 2.000000 4 1 3.359949e+00
2.000000 8.000000 2.000000 6.000000e+00 4 3.326349e+00
2.000000 8.000000 5.326349 4 1 0.000000e+00
2.000000 8.000000 5.326349 2.445850e+00 4 2.107290e+00
1.544474 7.737034 7.366941 4 1 -2.384186e-07
1.544474 7.737034 7.366941 4.479342e+00 4 5.889357e-01
1.978013 7.516415 7.034953 4 1 0.000000e+00
1.978013 7.516415 7.034953 2.368523e+00 4 5.766991e-01
1.496397 7.833634 7.034468 4 1 0.000000e+00
1.496397 7.833634 7.034468 5.924449e-01 4 3.654610e-01
1.572454 7.643098 7.336913 4 1 0.000000e+00
1.572454 7.643098 7.336913 3.147512e+00 4 2.585468e+00
3.077047 9.579133 8.157044 4 1 0.000000e+00
3.077047 9.579133 8.157044 1.020307e+00 4 1.051972e+00
3.208714 8.947219 8.947219 6 1 3.198433e-02
3.208714 8.947219 8.947219 1.359396e+00 6 3.166449e-02
3.212800 8.927608 8.971742 6 1 0.000000e+00
3.212800 8.927608 8.971742 4.730187e-02 6 5.685225e-02
3.189261 8.930840 8.930840 4 1 9.646840e-03
3.189261 8.930840 8.930840 6.408943e+00 4 9.550372e-03
3.184509 8.931492 8.922582 4 1 0.000000e+00
3.184509 8.931492 8.922582 1.944776e-02 4 3.274069e-01
3.181680 8.939892 8.939892 6 1 3.110699e-01
3.181680 8.939892 8.939892 1.191006e+00 6 3.079592e-01
3.136879 9.072910 9.214005 6 1 0.000000e+00
3.136879 9.072910 9.214005 1.122825e-01 6 2.115880e+00
3.100520 9.169261 9.169261 4 1 2.023836e+00
3.100520 9.169261 9.169261 9.681084e-01 4 2.003598e+00
2.787029 10.000000 8.783476 -8 1 1.045949e+00
2.000000 8.000000 0.000000 2.000000e+00 3 8.305863e-01
2.000000 8.000000 0.830586 3 2 0.000000e+00
2.000000 8.000000 0.830586 1.109751e+00 3 6.567251e-01
1.681335 7.703104 0.339065 3 2 0.000000e+00
1.681335 7.703104 0.339065 9.624116e-01 3 4.613002e-01
2.029367 7.447645 0.176545 3 2 0.000000e+00
2.029367 7.447645 0.176545 1.030090e+01 3 7.266505e-01
2.507289 7.543348 0.715482 3 2 0.000000e+00
2.507289 7.543348 0.715482 3.038774e+00 3 2.044756e+00
0.898420 6.347515 0.312300 3 2 0.000000e+00
0.898420 6.347515 0.312300 4.284387e+00 3 1.497997e+00
2.167633 5.711501 0.790401 3 2 0.000000e+00
2.167633 5.711501 0.790401 4.430071e+00 3 3.938667e+00
2.966871 9.524300 1.370815 3 2 0.000000e+00
2.966871 9.524300 1.370815 1.876863e+00 3 1.843769e-01
2.988946 9.563214 1.549682 3 2 0.000000e+00
2.988946 9.563214 1.549682 1.909390e+00 3 3.639208e-01
3.185101 9.645208 1.254320 3 2 0.000000e+00
3.185101 9.645208 1.254320 5.867521e+00 3 3.505422e-01
3.506607 9.580770 1.378262 3 2 0.000000e+00
3.506607 9.580770 1.378262 3.838901e+00 3 5.285227e-01
3.833103 9.210998 1.188509 3 2 0.000000e+00
3.833103 9.210998 1.188509 1.165596e+00 3 7.106925e-01
3.352231 9.692072 0.982562 3 2 0.000000e+00
3.352231 9.692072 0.982562 2.687447e+00 3 7.131605e-01
3.601539 9.076881 0.721822 3 2 0.000000e+00
3.601539 9.076881 0.721822 9.581428e-01 3 2.721343e-01
3.457732 9.183399 0.516808 3 2 0.000000e+00
3.457732 9.183399 0.516808 2.373928e+00 3 1.952407e+00
1.815438 8.467909 1.293239 3 2 0.000000e+00
1.815438 8.467909 1.293239 5.461972e-01 3 4.939093e-01
1.645812 8.819502 1.595822 3 2 0.000000e+00
1.645812 8.819502 1.595822 2.108003e-01 3 3.657160e-01
1.587865 9.022025 1.587865 4 2 1.564806e-01
1.587865 9.022025 1.587865 1.017944e+00 4 1.549158e-01
1.545280 9.170858 1.582018 4 2 0.000000e+00
1.545280 9.170858 1.582018 2.290302e+00 4 7.111092e-01
1.065490 8.747166 1.272237 4 2 0.000000e+00
1.065490 8.747166 1.272237 1.472003e+00 4 5.126395e-01
0.694423 8.806314 0.923510 4 2 0.000000e+00
0.694423 8.806314 0.923510 5.196234e+00 4 4.053584e-01
0.919838 8.540929 1.131054 4 2 0.000000e+00
0.919838 8.540929 1.131054 5.562621e+00 4 1.544140e-01
0.961267 8.416029 1.211847 4 2 0.000000e+00
0.961267 8.416029 1.211847 1.661607e+00 4 1.634064e+00
0.015934 9.304186 2.205674 4 2 0.000000e+00
0.015934 9.304186 2.205674 2.575978e-01 4 7.253863e-01
