1 2.000000 8.000000 0.082663 3 0 0.000000e+00
1 2.000000 8.000000 0.150239 3 18 0.000000e+00
1 2.000000 8.000000 0.209684 3 14 0.000000e+00
1 2.000000 8.000000 1.493544 3 3 0.000000e+00
1 1.867923 8.308756 0.340502 3 14 0.000000e+00
1 2.000000 8.000000 0.923123 3 6 0.000000e+00
1 2.704768 7.809154 2.087185 3 6 0.000000e+00
1 2.711863 7.879873 1.870562 3 6 0.000000e+00
1 2.000000 8.000000 0.847897 3 9 0.000000e+00
1 2.000000 8.000000 1.019013 3 19 0.000000e+00
1 4.055519 7.790708 1.997272 3 19 0.000000e+00
1 1.998437 7.993600 1.146463 3 16 0.000000e+00
1 2.904487 7.889393 1.787671 3 6 0.000000e+00
1 2.374195 8.173899 1.238592 3 16 0.000000e+00
1 3.199334 9.590222 0.580190 3 0 0.000000e+00
1 2.000000 8.000000 0.134012 3 12 0.000000e+00
1 2.000000 8.000000 0.980945 3 15 0.000000e+00
1 3.826212 7.689664 1.931618 3 19 0.000000e+00
1 4.905904 8.379652 2.591068 3 19 0.000000e+00
1 4.658248 7.242189 1.131684 3 19 0.000000e+00
1 2.000000 8.000000 1.331251 3 10 0.000000e+00
1 1.911539 7.999748 1.296965 3 10 0.000000e+00
1 2.062627 8.096510 0.945647 3 15 0.000000e+00
1 2.273644 8.511638 2.617583 4 3 0.000000e+00
1 2.197703 8.069625 0.552425 3 15 0.000000e+00
1 2.769057 7.970064 1.201056 3 16 0.000000e+00
1 2.077491 8.022969 0.133326 3 12 0.000000e+00
1 1.759282 7.845712 1.243227 3 10 0.000000e+00
1 2.208581 8.055513 0.598428 3 15 0.000000e+00
1 2.860300 7.836373 1.305913 3 16 0.000000e+00
1 1.911559 7.556397 0.514765 3 15 0.000000e+00
1 3.249474 9.528452 0.795409 3 0 0.000000e+00
1 2.642778 9.577497 2.176233 3 3 0.000000e+00
1 3.038235 8.465594 1.861717 3 0 0.000000e+00
1 3.186352 7.977705 1.585210 3 6 0.000000e+00
1 2.619224 8.097007 1.052993 3 0 0.000000e+00
1 3.479322 7.965999 1.062928 3 0 0.000000e+00
1 2.000000 8.000000 2.380723 4 13 0.000000e+00
1 2.093131 7.986131 2.381111 4 13 0.000000e+00
1 3.228963 7.753013 2.066702 3 6 0.000000e+00
1 2.249716 8.044503 1.830792 3 13 2.980232e-08
1 0.013576 4.198620 0.940807 4 16 0.000000e+00
1 1.202431 7.969281 3.366345 4 3 0.000000e+00
1 1.274180 7.357072 3.014734 4 10 0.000000e+00
1 2.604174 7.988391 1.745552 3 6 0.000000e+00
1 3.470145 8.302646 0.783264 3 0 0.000000e+00
1 2.254755 8.045131 1.836609 3 13 0.000000e+00
1 2.000000 8.000000 2.132022 4 17 0.000000e+00
1 2.815803 8.339546 0.221504 3 10 0.000000e+00
1 2.000000 8.000000 0.142288 3 11 0.000000e+00
1 2.812471 9.130759 1.689335 3 6 0.000000e+00
1 3.799047 8.450224 0.639860 3 0 0.000000e+00
1 2.023090 7.949115 2.102171 4 17 0.000000e+00
1 1.192264 8.133146 2.623516 4 3 0.000000e+00
1 1.411211 7.940097 1.783817 4 17 0.000000e+00
1 1.089592 8.363990 3.030610 4 3 0.000000e+00
1 1.412977 8.021448 1.694564 4 17 0.000000e+00
1 2.413838 7.727559 4.750822 4 3 0.000000e+00
1 4.019195 8.142921 0.812705 3 0 0.000000e+00
1 2.034486 8.132811 0.315819 3 11 0.000000e+00
1 3.414880 8.263889 1.950344 3 6 0.000000e+00
1 1.688887 7.883543 1.335043 3 13 0.000000e+00
1 3.804727 8.363846 1.650788 3 6 0.000000e+00
1 1.694001 7.875640 1.334507 3 13 0.000000e+00
1 2.500663 7.245899 5.723703 4 3 0.000000e+00
1 3.797848 8.355103 1.663400 3 6 0.000000e+00
1 2.723206 6.841467 4.958974 4 3 0.000000e+00
1 4.018755 8.176489 0.806914 3 0 0.000000e+00
1 0.828274 9.199839 1.082652 4 13 0.000000e+00
1 3.426633 8.343925 2.030347 3 6 0.000000e+00
1 0.703982 8.975493 1.437246 4 13 0.000000e+00
1 3.904018 8.492191 1.144580 3 0 0.000000e+00
1 2.000000 8.000000 0.074436 3 7 0.000000e+00
1 3.070587 6.755179 5.340576 4 3 0.000000e+00
1 2.041032 8.022549 0.109294 3 7 0.000000e+00
1 1.562740 8.401824 2.306969 4 17 0.000000e+00
1 3.870941 8.346090 0.880952 3 0 0.000000e+00
1 0.139113 8.257619 1.927845 4 13 0.000000e+00
1 3.894825 6.764992 5.656448 4 3 0.000000e+00
1 1.703893 7.994193 1.974352 4 17 0.000000e+00
1 3.475553 8.641064 1.127845 3 0 0.000000e+00
1 3.852335 6.840787 5.536422 4 3 0.000000e+00
1 2.035179 8.169291 0.270794 3 7 0.000000e+00
1 3.663046 8.631841 1.149871 3 0 0.000000e+00
1 3.776178 6.424996 5.397556 4 3 0.000000e+00
1 4.064493 8.627959 1.581622 3 0 0.000000e+00
1 3.967496 6.042472 5.017648 4 3 0.000000e+00
1 3.797494 8.406763 1.462098 3 0 0.000000e+00
1 1.186285 7.445899 1.768926 4 7 0.000000e+00
1 3.944008 6.982502 3.127720 3 0 0.000000e+00
1 1.466640 7.172897 2.201424 4 7 0.000000e+00
1 4.003303 7.036286 3.134402 3 0 0.000000e+00
1 3.832079 7.009543 3.045258 3 0 0.000000e+00
1 3.897765 6.050149 5.140260 4 3 0.000000e+00
1 0.161611 5.315438 1.907470 4 7 0.000000e+00
1 3.984936 4.221379 5.239367 6 3 0.000000e+00
1 4.018650 4.341668 5.459202 6 3 0.000000e+00
1 3.773468 6.992787 3.035017 3 0 0.000000e+00
1 4.148311 5.831646 3.613859 3 0 0.000000e+00
1 2.000000 8.000000 0.052003 3 8 0.000000e+00
1 4.494586 5.735850 3.685397 3 0 0.000000e+00
1 4.172988 5.678500 4.013928 3 0 0.000000e+00
1 4.255724 4.988489 4.951487 4 3 0.000000e+00
1 4.026142 5.052082 4.348310 4 3 0.000000e+00
1 5.159925 6.348068 2.764280 3 0 0.000000e+00
1 5.255828 6.472674 2.708275 3 0 0.000000e+00
1 4.302597 5.802772 4.804317 4 3 0.000000e+00
1 3.933039 5.234918 4.577425 4 3 0.000000e+00
1 4.631512 6.503318 2.553992 3 0 0.000000e+00
1 2.510486 7.350632 4.785330 4 3 0.000000e+00
1 2.266338 7.497518 4.767490 4 3 0.000000e+00
1 5.493051 5.419919 2.744473 1 0 0.000000e+00
1 1.625617 6.975350 5.075057 4 3 0.000000e+00
1 1.713564 6.672406 5.100942 4 3 0.000000e+00
1 4.808119 6.099216 2.945831 3 0 0.000000e+00
1 4.299378 5.691142 2.784709 3 0 0.000000e+00
1 4.909046 5.762378 2.761226 3 0 0.000000e+00
1 1.861090 6.448514 5.046322 4 3 0.000000e+00
1 1.890149 6.393362 5.108175 4 3 0.000000e+00
1 7.459934 5.774927 4.060930 1 0 0.000000e+00
1 8.224468 6.596403 4.420464 1 0 0.000000e+00
1 2.044830 6.949944 6.584756 4 3 0.000000e+00
1 1.938617 6.787103 6.454948 4 3 0.000000e+00
1 8.001743 7.365788 5.372857 1 0 0.000000e+00
1 7.926383 6.606622 6.517132 1 0 0.000000e+00
1 8.177082 5.541561 6.122571 2 0 0.000000e+00
1 7.366871 5.468310 5.921659 2 0 0.000000e+00
1 6.093204 2.376506 7.620260 5 0 0.000000e+00
1 4.389416 0.593726 6.158932 5 0 0.000000e+00
1 4.014123 1.010758 6.109000 5 0 0.000000e+00
1 3.784984 0.613755 5.926065 5 0 0.000000e+00
1 6.404331 2.120593 7.485308 5 0 0.000000e+00
1 5.905048 2.669460 7.982403 5 0 0.000000e+00
1 6.039980 2.737511 7.618861 5 0 0.000000e+00
1 6.197757 2.931296 6.795727 5 0 0.000000e+00
1 6.214236 2.914359 6.838067 5 0 0.000000e+00
1 6.231667 2.931155 6.834731 5 0 0.000000e+00
1 7.130996 3.936881 7.323693 5 0 0.000000e+00
1 7.270834 4.370621 7.215482 2 0 0.000000e+00
1 2.651090 7.464177 6.873196 4 3 0.000000e+00
1 2.456985 7.657274 6.757263 4 3 0.000000e+00
1 7.212238 4.365191 7.333247 5 0 0.000000e+00
1 7.265695 4.742084 6.092607 2 0 0.000000e+00
1 2.292834 7.811978 6.904517 4 3 0.000000e+00
1 2.441230 7.800697 6.861921 4 3 0.000000e+00
1 1.290035 7.362027 6.845339 4 3 0.000000e+00
1 0.398328 8.323654 7.910739 4 3 0.000000e+00
1 5.542382 4.431699 6.352285 5 0 0.000000e+00
1 2.000000 8.000000 0.555229 3 4 5.960464e-08
1 5.310962 2.342508 6.967210 5 0 0.000000e+00
1 2.000000 8.000000 0.254971 3 5 0.000000e+00
1 7.846367 2.550808 7.702242 2 0 0.000000e+00
1 1.816782 8.178741 0.333171 3 5 0.000000e+00
1 1.736502 7.897871 0.398397 3 5 0.000000e+00
1 8.253394 3.379562 8.247378 2 0 0.000000e+00
1 8.247826 3.370786 8.340958 5 0 0.000000e+00
1 8.038996 3.591534 8.193786 5 0 0.000000e+00
1 4.464814 7.584412 1.891047 3 5 0.000000e+00
1 7.895372 3.746984 8.006531 5 0 0.000000e+00
1 5.011779 8.136651 1.609141 3 5 0.000000e+00
1 8.517634 4.387921 7.624855 2 0 0.000000e+00
1 4.865570 7.201855 3.030664 3 5 0.000000e+00
1 4.974970 7.584147 3.783868 3 5 0.000000e+00
1 5.189335 8.666973 2.620214 3 5 0.000000e+00
1 5.005208 8.474954 3.106588 3 5 0.000000e+00
1 8.298534 3.122707 8.444397 5 0 0.000000e+00
1 3.631551 7.552242 2.439826 3 5 0.000000e+00
1 6.131187 2.326099 5.459561 2 0 0.000000e+00
1 6.211366 2.073003 5.380838 2 0 0.000000e+00
1 3.517714 7.429606 3.089749 3 5 0.000000e+00
1 3.578370 6.621744 2.312123 3 5 0.000000e+00
1 3.867463 6.332796 2.936410 3 5 0.000000e+00
1 4.290002 6.354043 2.117607 3 5 0.000000e+00
1 6.416478 1.946985 5.464001 2 0 0.000000e+00
1 6.542163 1.751742 6.126253 2 0 0.000000e+00
1 4.845049 6.446431 1.697124 3 5 0.000000e+00
1 6.124344 1.795882 5.778441 2 0 0.000000e+00
1 8.269062 1.992317 5.186816 2 0 0.000000e+00
1 4.944693 6.274151 1.450188 3 5 0.000000e+00
1 4.773327 6.610865 1.935641 3 5 0.000000e+00
1 4.488217 6.315007 1.769488 3 5 0.000000e+00
1 4.858972 6.789098 0.297627 3 5 0.000000e+00
1 4.769276 6.844114 0.262405 3 5 0.000000e+00
1 4.011813 7.572842 1.573011 3 5 0.000000e+00
1 4.222749 7.762891 3.103928 3 5 0.000000e+00
1 3.879384 7.551128 3.145929 3 5 0.000000e+00
1 7.525331 1.996856 5.790699 2 0 0.000000e+00
1 7.343806 1.933168 5.689269 2 0 0.000000e+00
1 7.396068 1.995564 5.209088 2 0 0.000000e+00
1 6.957541 1.909331 5.613410 2 0 0.000000e+00
1 6.194804 1.715302 5.564897 2 0 0.000000e+00
1 6.975399 1.960255 5.566557 2 0 0.000000e+00
1 7.013505 1.961063 5.580095 2 0 0.000000e+00
1 8.381165 1.407995 4.065428 2 0 0.000000e+00
1 4.318494 7.389325 2.617513 3 5 0.000000e+00
1 4.313695 7.355144 2.630275 3 5 0.000000e+00
1 8.208731 1.579449 4.162092 2 0 0.000000e+00
1 8.200690 1.434273 4.402121 2 0 0.000000e+00
1 4.224380 7.335867 2.745781 3 5 0.000000e+00
1 3.701900 7.659154 3.495364 3 5 0.000000e+00
1 4.286047 5.788713 5.408713 4 5 0.000000e+00
1 4.312721 5.771885 5.393674 4 5 0.000000e+00
1 4.412146 5.618128 5.511264 4 5 0.000000e+00
1 6.139788 6.115585 5.778984 1 5 0.000000e+00
1 9.132888 9.189134 5.483980 3 5 0.000000e+00
1 9.255526 9.125541 5.426497 1 5 0.000000e+00
1 9.182929 9.194212 5.512236 3 5 0.000000e+00
1 9.810309 8.810019 6.033065 1 5 0.000000e+00
1 9.400956 8.866856 6.311094 1 5 0.000000e+00
1 5.927184 6.952014 6.063207 4 5 0.000000e+00
1 5.874663 6.907040 6.089479 4 5 0.000000e+00
1 5.453186 8.384790 5.796603 4 5 0.000000e+00
1 4.420069 7.558612 5.599559 4 5 0.000000e+00
1 8.169415 1.398683 4.533497 2 0 0.000000e+00
1 8.570924 1.441751 4.632860 2 0 0.000000e+00
1 4.479771 7.438259 6.673769 4 5 0.000000e+00
1 4.485313 7.425229 6.672313 4 5 0.000000e+00
1 8.975252 0.404104 3.995006 2 0 0.000000e+00
1 2.000000 8.000000 5.326349 4 1 0.000000e+00
1 4.555792 7.040733 6.935824 4 5 0.000000e+00
1 4.433661 8.859591 7.850362 4 5 0.000000e+00
1 1.544474 7.737034 7.366941 4 1 -2.384186e-07
1 1.978013 7.516415 7.034953 4 1 0.000000e+00
1 5.186291 9.892322 9.343877 4 5 0.000000e+00
1 1.496397 7.833634 7.034468 4 1 0.000000e+00
1 1.572454 7.643098 7.336913 4 1 0.000000e+00
1 3.077047 9.579133 8.157044 4 1 0.000000e+00
1 3.212800 8.927608 8.971742 6 1 0.000000e+00
1 3.184509 8.931492 8.922582 4 1 0.000000e+00
1 3.136879 9.072910 9.214005 6 1 0.000000e+00
1 2.000000 8.000000 0.830586 3 2 0.000000e+00
1 1.681335 7.703104 0.339065 3 2 0.000000e+00
1 2.029367 7.447645 0.176545 3 2 0.000000e+00
1 2.507289 7.543348 0.715482 3 2 0.000000e+00
1 0.898420 6.347515 0.312300 3 2 0.000000e+00
1 2.167633 5.711501 0.790401 3 2 0.000000e+00
1 2.966871 9.524300 1.370815 3 2 0.000000e+00
1 2.988946 9.563214 1.549682 3 2 0.000000e+00
1 3.185101 9.645208 1.254320 3 2 0.000000e+00
1 3.506607 9.580770 1.378262 3 2 0.000000e+00
1 3.833103 9.210998 1.188509 3 2 0.000000e+00
1 3.352231 9.692072 0.982562 3 2 0.000000e+00
1 3.601539 9.076881 0.721822 3 2 0.000000e+00
1 3.457732 9.183399 0.516808 3 2 0.000000e+00
1 1.815438 8.467909 1.293239 3 2 0.000000e+00
1 1.645812 8.819502 1.595822 3 2 0.000000e+00
1 1.545280 9.170858 1.582018 4 2 0.000000e+00
1 1.065490 8.747166 1.272237 4 2 0.000000e+00
1 0.694423 8.806314 0.923510 4 2 0.000000e+00
1 0.919838 8.540929 1.131054 4 2 0.000000e+00
1 0.961267 8.416029 1.211847 4 2 0.000000e+00
